{
 "cells": [
  {
   "cell_type": "markdown",
   "metadata": {},
   "source": [
    "### Imports"
   ]
  },
  {
   "cell_type": "code",
   "execution_count": 12,
   "metadata": {},
   "outputs": [],
   "source": [
    "import gurobipy as gp\n",
    "from gurobipy import GRB\n",
    "import numpy as np\n",
    "import scipy.sparse as sp\n",
    "import pandas as pd"
   ]
  },
  {
   "cell_type": "code",
   "execution_count": null,
   "metadata": {},
   "outputs": [
    {
     "name": "stdout",
     "output_type": "stream",
     "text": [
      "Gurobi Optimizer version 11.0.3 build v11.0.3rc0 (win64 - Windows 11.0 (22631.2))\n",
      "\n",
      "CPU model: Intel(R) Core(TM) Ultra 9 185H, instruction set [SSE2|AVX|AVX2]\n",
      "Thread count: 16 physical cores, 22 logical processors, using up to 22 threads\n",
      "\n",
      "Optimize a model with 388962 rows, 258687 columns and 907030 nonzeros\n",
      "Model fingerprint: 0x5ff1a837\n",
      "Variable types: 137484 continuous, 121203 integer (121203 binary)\n",
      "Coefficient statistics:\n",
      "  Matrix range     [5e-05, 1e+06]\n",
      "  Objective range  [1e+00, 1e+00]\n",
      "  Bounds range     [1e+00, 1e+00]\n",
      "  RHS range        [1e-02, 4e+06]\n",
      "Presolve removed 362623 rows and 236041 columns\n",
      "Presolve time: 0.12s\n",
      "Presolved: 26339 rows, 22646 columns, 67904 nonzeros\n",
      "Variable types: 15960 continuous, 6686 integer (6685 binary)\n",
      "Found heuristic solution: objective 10.0453892\n",
      "\n",
      "Root relaxation: objective 8.006950e+00, 2281 iterations, 0.01 seconds (0.02 work units)\n",
      "\n",
      "    Nodes    |    Current Node    |     Objective Bounds      |     Work\n",
      " Expl Unexpl |  Obj  Depth IntInf | Incumbent    BestBd   Gap | It/Node Time\n",
      "\n",
      "     0     0    8.00695    0  418   10.04539    8.00695  20.3%     -    1s\n",
      "     0     0    8.00695    0  418   10.04539    8.00695  20.3%     -    1s\n",
      "     0     0    8.01597    0  417   10.04539    8.01597  20.2%     -    1s\n",
      "     0     0    8.23408    0  698   10.04539    8.23408  18.0%     -    1s\n",
      "     0     0    8.55214    0  553   10.04539    8.55214  14.9%     -    1s\n",
      "     0     0    8.97773    0  490   10.04539    8.97773  10.6%     -    1s\n",
      "     0     0    9.04881    0  357   10.04539    9.04881  9.92%     -    1s\n",
      "     0     0    9.04881    0  357   10.04539    9.04881  9.92%     -    1s\n",
      "     0     0    9.05423    0  355   10.04539    9.05423  9.87%     -    1s\n",
      "     0     0    9.54059    0  311   10.04539    9.54059  5.03%     -    1s\n",
      "     0     0    9.60151    0  279   10.04539    9.60151  4.42%     -    1s\n",
      "     0     0    9.61303    0  256   10.04539    9.61303  4.30%     -    1s\n",
      "     0     0    9.61611    0  255   10.04539    9.61611  4.27%     -    1s\n",
      "     0     0    9.61678    0  253   10.04539    9.61678  4.27%     -    1s\n",
      "     0     0    9.62102    0  252   10.04539    9.62102  4.22%     -    1s\n",
      "     0     0    9.62499    0  249   10.04539    9.62499  4.19%     -    1s\n",
      "     0     0    9.62852    0  246   10.04539    9.62852  4.15%     -    1s\n",
      "     0     0    9.68277    0  219   10.04539    9.68277  3.61%     -    1s\n",
      "     0     0    9.69964    0  210   10.04539    9.69964  3.44%     -    1s\n",
      "     0     0    9.70069    0  194   10.04539    9.70069  3.43%     -    1s\n",
      "     0     0    9.70767    0  193   10.04539    9.70767  3.36%     -    1s\n",
      "     0     0    9.77132    0  182   10.04539    9.77132  2.73%     -    1s\n",
      "     0     0    9.78021    0  155   10.04539    9.78021  2.64%     -    1s\n",
      "     0     0    9.79009    0  152   10.04539    9.79009  2.54%     -    1s\n",
      "     0     0    9.79011    0  151   10.04539    9.79011  2.54%     -    1s\n",
      "     0     0    9.81104    0  163   10.04539    9.81104  2.33%     -    1s\n",
      "     0     0    9.81480    0  162   10.04539    9.81480  2.30%     -    1s\n",
      "     0     0    9.84792    0  193   10.04539    9.84792  1.97%     -    1s\n",
      "     0     0    9.84792    0  105   10.04539    9.84792  1.97%     -    2s\n",
      "     0     0    9.84792    0   63   10.04539    9.84792  1.97%     -    2s\n",
      "     0     0    9.91348    0   37   10.04539    9.91348  1.31%     -    2s\n",
      "     0     0    9.91611    0   36   10.04539    9.91611  1.29%     -    2s\n",
      "     0     0    9.92752    0   32   10.04539    9.92752  1.17%     -    2s\n",
      "     0     0    9.98375    0   26   10.04539    9.98375  0.61%     -    2s\n",
      "     0     0    9.98375    0   22   10.04539    9.98375  0.61%     -    2s\n",
      "\n",
      "Cutting planes:\n",
      "  Gomory: 1\n",
      "  Implied bound: 4\n",
      "  MIR: 4\n",
      "  Flow cover: 30\n",
      "  Relax-and-lift: 3\n",
      "\n",
      "Explored 1 nodes (22376 simplex iterations) in 2.13 seconds (2.30 work units)\n",
      "Thread count was 22 (of 22 available processors)\n",
      "\n",
      "Solution count 1: 10.0454 \n",
      "\n",
      "Optimal solution found (tolerance 1.00e-04)\n",
      "Best objective 1.004538919742e+01, best bound 1.004538919736e+01, gap 0.0000%\n",
      "County 1, Time 0 - Susceptible: 0.99, Infected: 0.01, Recovered: 0.0, Vaccinated: 0.0\n",
      "County 1, Time 1 - Susceptible: 0.9796511508300001, Infected: 0.0095, Recovered: 0.0005, Vaccinated: 0.01034884917\n",
      "County 1, Time 2 - Susceptible: 0.9709816927032885, Infected: 0.009025, Recovered: 0.000975, Vaccinated: 0.019018307296711518\n",
      "County 1, Time 3 - Susceptible: 0.9643465941722233, Infected: 0.00857375, Recovered: 0.00142625, Vaccinated: 0.02565340582777663\n",
      "County 1, Time 4 - Susceptible: 0.959465234687098, Infected: 0.0081450625, Recovered: 0.0018549375, Vaccinated: 0.03053476531290201\n",
      "County 1, Time 5 - Susceptible: 0.9547496818166843, Infected: 0.007737809374999999, Recovered: 0.002262190625, Vaccinated: 0.03525031818331559\n",
      "County 1, Time 6 - Susceptible: 0.9514593633139777, Infected: 0.007350918906249998, Recovered: 0.00264908109375, Vaccinated: 0.0385406366860222\n",
      "County 1, Time 7 - Susceptible: 0.9473697711833412, Infected: 0.006983372960937498, Recovered: 0.0030166270390625002, Vaccinated: 0.0426302288166586\n",
      "County 1, Time 8 - Susceptible: 0.9431624603452461, Infected: 0.006634204312890623, Recovered: 0.003365795687109375, Vaccinated: 0.04683753965475375\n",
      "County 1, Time 9 - Susceptible: 0.9398773679629535, Infected: 0.006302494097246091, Recovered: 0.003697505902753906, Vaccinated: 0.050122632037046325\n",
      "County 1, Time 10 - Susceptible: 0.9396907224158365, Infected: 0.005987369392383786, Recovered: 0.0040126306076162105, Vaccinated: 0.050309277584163245\n",
      "County 1, Time 11 - Susceptible: 0.9395421009311793, Infected: 0.005688000922764597, Recovered: 0.0043119990772354, Vaccinated: 0.05045789906882053\n",
      "County 1, Time 12 - Susceptible: 0.9320012890520006, Infected: 0.005403600876626367, Recovered: 0.00459639912337363, Vaccinated: 0.05799871094799922\n",
      "County 1, Time 13 - Susceptible: 0.931854089700409, Infected: 0.005133420832795048, Recovered: 0.004866579167204948, Vaccinated: 0.058145910299590806\n",
      "County 1, Time 14 - Susceptible: 0.9283168358738384, Infected: 0.0048767497911552955, Recovered: 0.0051232502088447, Vaccinated: 0.06168316412616137\n",
      "County 1, Time 15 - Susceptible: 0.9282253966655049, Infected: 0.00463291230159753, Recovered: 0.005367087698402466, Vaccinated: 0.06177460333449494\n",
      "County 1, Time 16 - Susceptible: 0.9274657787710167, Infected: 0.0044012666865176535, Recovered: 0.005598733313482342, Vaccinated: 0.06253422122898314\n",
      "County 1, Time 17 - Susceptible: 0.925404146625223, Infected: 0.004181203352191771, Recovered: 0.005818796647808225, Vaccinated: 0.06459585337477676\n",
      "County 1, Time 18 - Susceptible: 0.9245918296415278, Infected: 0.003972143184582182, Recovered: 0.006027856815417813, Vaccinated: 0.06540817035847193\n",
      "County 1, Time 19 - Susceptible: 0.9245413469276293, Infected: 0.0037735360253530726, Recovered: 0.006226463974646922, Vaccinated: 0.06545865307237037\n",
      "County 1, Time 20 - Susceptible: 0.9239274126425328, Infected: 0.0035848592240854188, Recovered: 0.006415140775914575, Vaccinated: 0.06607258735746688\n",
      "County 1, Time 21 - Susceptible: 0.9228299781292879, Infected: 0.0034056162628811476, Recovered: 0.0065943837371188465, Vaccinated: 0.06717002187071179\n",
      "County 1, Time 22 - Susceptible: 0.9223488902507495, Infected: 0.0032353354497370902, Recovered: 0.006764664550262904, Vaccinated: 0.06765110974925019\n",
      "County 1, Time 23 - Susceptible: 0.9217441623466944, Infected: 0.0030735686772502355, Recovered: 0.006926431322749759, Vaccinated: 0.06825583765330531\n",
      "County 1, Time 24 - Susceptible: 0.9210047290404741, Infected: 0.0029198902433877237, Recovered: 0.0070801097566122705, Vaccinated: 0.06899527095952562\n",
      "County 1, Time 25 - Susceptible: 0.9205586873712045, Infected: 0.0027738957312183374, Recovered: 0.007226104268781656, Vaccinated: 0.06944131262879519\n",
      "County 1, Time 26 - Susceptible: 0.9204480251702782, Infected: 0.0026352009446574203, Recovered: 0.007364799055342573, Vaccinated: 0.06955197482972146\n",
      "County 2, Time 0 - Susceptible: 0.99, Infected: 0.01, Recovered: 0.0, Vaccinated: 0.0\n",
      "County 2, Time 1 - Susceptible: 0.9796511508300001, Infected: 0.0095, Recovered: 0.0005, Vaccinated: 0.01034884917\n",
      "County 2, Time 2 - Susceptible: 0.9709816927032885, Infected: 0.009025, Recovered: 0.000975, Vaccinated: 0.019018307296711518\n",
      "County 2, Time 3 - Susceptible: 0.9643465941722232, Infected: 0.00857375, Recovered: 0.00142625, Vaccinated: 0.02565340582777663\n",
      "County 2, Time 4 - Susceptible: 0.9594652346870979, Infected: 0.0081450625, Recovered: 0.0018549375, Vaccinated: 0.03053476531290201\n",
      "County 2, Time 5 - Susceptible: 0.9547496818166842, Infected: 0.007737809374999999, Recovered: 0.002262190625, Vaccinated: 0.03525031818331559\n",
      "County 2, Time 6 - Susceptible: 0.9514593633139776, Infected: 0.007350918906249998, Recovered: 0.00264908109375, Vaccinated: 0.0385406366860222\n",
      "County 2, Time 7 - Susceptible: 0.9473697711833411, Infected: 0.006983372960937498, Recovered: 0.0030166270390625002, Vaccinated: 0.0426302288166586\n",
      "County 2, Time 8 - Susceptible: 0.943162460345246, Infected: 0.006634204312890623, Recovered: 0.003365795687109375, Vaccinated: 0.04683753965475375\n",
      "County 2, Time 9 - Susceptible: 0.9398773679629534, Infected: 0.006302494097246091, Recovered: 0.003697505902753906, Vaccinated: 0.050122632037046325\n",
      "County 2, Time 10 - Susceptible: 0.9396907224158364, Infected: 0.005987369392383786, Recovered: 0.0040126306076162105, Vaccinated: 0.050309277584163245\n",
      "County 2, Time 11 - Susceptible: 0.9395421009311792, Infected: 0.005688000922764597, Recovered: 0.0043119990772354, Vaccinated: 0.05045789906882053\n",
      "County 2, Time 12 - Susceptible: 0.9320012890520005, Infected: 0.005403600876626367, Recovered: 0.00459639912337363, Vaccinated: 0.05799871094799922\n",
      "County 2, Time 13 - Susceptible: 0.9318540897004088, Infected: 0.005133420832795048, Recovered: 0.004866579167204948, Vaccinated: 0.058145910299590806\n",
      "County 2, Time 14 - Susceptible: 0.9283168358738383, Infected: 0.0048767497911552955, Recovered: 0.0051232502088447, Vaccinated: 0.06168316412616137\n",
      "County 2, Time 15 - Susceptible: 0.9282253966655047, Infected: 0.00463291230159753, Recovered: 0.005367087698402466, Vaccinated: 0.06177460333449494\n",
      "County 2, Time 16 - Susceptible: 0.9274657787710165, Infected: 0.0044012666865176535, Recovered: 0.005598733313482342, Vaccinated: 0.06253422122898314\n",
      "County 2, Time 17 - Susceptible: 0.9254041466252229, Infected: 0.004181203352191771, Recovered: 0.005818796647808225, Vaccinated: 0.06459585337477676\n",
      "County 2, Time 18 - Susceptible: 0.9245918296415276, Infected: 0.003972143184582182, Recovered: 0.006027856815417813, Vaccinated: 0.06540817035847193\n",
      "County 2, Time 19 - Susceptible: 0.9245413469276292, Infected: 0.0037735360253530726, Recovered: 0.006226463974646922, Vaccinated: 0.06545865307237037\n",
      "County 2, Time 20 - Susceptible: 0.9239274126425326, Infected: 0.0035848592240854188, Recovered: 0.006415140775914575, Vaccinated: 0.06607258735746688\n",
      "County 2, Time 21 - Susceptible: 0.9228299781292878, Infected: 0.0034056162628811476, Recovered: 0.0065943837371188465, Vaccinated: 0.06717002187071179\n",
      "County 2, Time 22 - Susceptible: 0.9223488902507494, Infected: 0.0032353354497370902, Recovered: 0.006764664550262904, Vaccinated: 0.06765110974925019\n",
      "County 2, Time 23 - Susceptible: 0.9217441623466943, Infected: 0.0030735686772502355, Recovered: 0.006926431322749759, Vaccinated: 0.06825583765330531\n",
      "County 2, Time 24 - Susceptible: 0.921004729040474, Infected: 0.0029198902433877237, Recovered: 0.0070801097566122705, Vaccinated: 0.06899527095952562\n",
      "County 2, Time 25 - Susceptible: 0.9205586873712044, Infected: 0.0027738957312183374, Recovered: 0.007226104268781656, Vaccinated: 0.06944131262879519\n",
      "County 2, Time 26 - Susceptible: 0.9204480251702781, Infected: 0.0026352009446574203, Recovered: 0.007364799055342573, Vaccinated: 0.06955197482972146\n",
      "County 3, Time 0 - Susceptible: 0.99, Infected: 0.01, Recovered: 0.0, Vaccinated: 0.0\n",
      "County 3, Time 1 - Susceptible: 0.9796511508300001, Infected: 0.0095, Recovered: 0.0005, Vaccinated: 0.01034884917\n",
      "County 3, Time 2 - Susceptible: 0.9709816927032885, Infected: 0.009025, Recovered: 0.000975, Vaccinated: 0.019018307296711518\n",
      "County 3, Time 3 - Susceptible: 0.9643465941722232, Infected: 0.00857375, Recovered: 0.00142625, Vaccinated: 0.02565340582777663\n",
      "County 3, Time 4 - Susceptible: 0.9594652346870979, Infected: 0.0081450625, Recovered: 0.0018549375, Vaccinated: 0.03053476531290201\n",
      "County 3, Time 5 - Susceptible: 0.9547496818166842, Infected: 0.007737809374999999, Recovered: 0.002262190625, Vaccinated: 0.03525031818331559\n",
      "County 3, Time 6 - Susceptible: 0.9514593633139776, Infected: 0.007350918906249998, Recovered: 0.00264908109375, Vaccinated: 0.0385406366860222\n",
      "County 3, Time 7 - Susceptible: 0.9473697711833411, Infected: 0.006983372960937498, Recovered: 0.0030166270390625002, Vaccinated: 0.0426302288166586\n",
      "County 3, Time 8 - Susceptible: 0.943162460345246, Infected: 0.006634204312890623, Recovered: 0.003365795687109375, Vaccinated: 0.04683753965475375\n",
      "County 3, Time 9 - Susceptible: 0.9398773679629534, Infected: 0.006302494097246091, Recovered: 0.003697505902753906, Vaccinated: 0.050122632037046325\n",
      "County 3, Time 10 - Susceptible: 0.9396907224158364, Infected: 0.005987369392383786, Recovered: 0.0040126306076162105, Vaccinated: 0.050309277584163245\n",
      "County 3, Time 11 - Susceptible: 0.9395421009311792, Infected: 0.005688000922764597, Recovered: 0.0043119990772354, Vaccinated: 0.05045789906882053\n",
      "County 3, Time 12 - Susceptible: 0.9320012890520005, Infected: 0.005403600876626367, Recovered: 0.00459639912337363, Vaccinated: 0.05799871094799922\n",
      "County 3, Time 13 - Susceptible: 0.9318540897004088, Infected: 0.005133420832795048, Recovered: 0.004866579167204948, Vaccinated: 0.058145910299590806\n",
      "County 3, Time 14 - Susceptible: 0.9283168358738383, Infected: 0.0048767497911552955, Recovered: 0.0051232502088447, Vaccinated: 0.06168316412616137\n",
      "County 3, Time 15 - Susceptible: 0.9282253966655047, Infected: 0.00463291230159753, Recovered: 0.005367087698402466, Vaccinated: 0.06177460333449494\n",
      "County 3, Time 16 - Susceptible: 0.9274657787710165, Infected: 0.0044012666865176535, Recovered: 0.005598733313482342, Vaccinated: 0.06253422122898314\n",
      "County 3, Time 17 - Susceptible: 0.9254041466252229, Infected: 0.004181203352191771, Recovered: 0.005818796647808225, Vaccinated: 0.06459585337477676\n",
      "County 3, Time 18 - Susceptible: 0.9245918296415276, Infected: 0.003972143184582182, Recovered: 0.006027856815417813, Vaccinated: 0.06540817035847193\n",
      "County 3, Time 19 - Susceptible: 0.9245413469276292, Infected: 0.0037735360253530726, Recovered: 0.006226463974646922, Vaccinated: 0.06545865307237037\n",
      "County 3, Time 20 - Susceptible: 0.9239274126425326, Infected: 0.0035848592240854188, Recovered: 0.006415140775914575, Vaccinated: 0.06607258735746688\n",
      "County 3, Time 21 - Susceptible: 0.9228299781292878, Infected: 0.0034056162628811476, Recovered: 0.0065943837371188465, Vaccinated: 0.06717002187071179\n",
      "County 3, Time 22 - Susceptible: 0.9223488902507494, Infected: 0.0032353354497370902, Recovered: 0.006764664550262904, Vaccinated: 0.06765110974925019\n",
      "County 3, Time 23 - Susceptible: 0.9217441623466943, Infected: 0.0030735686772502355, Recovered: 0.006926431322749759, Vaccinated: 0.06825583765330531\n",
      "County 3, Time 24 - Susceptible: 0.921004729040474, Infected: 0.0029198902433877237, Recovered: 0.0070801097566122705, Vaccinated: 0.06899527095952562\n",
      "County 3, Time 25 - Susceptible: 0.9205586873712044, Infected: 0.0027738957312183374, Recovered: 0.007226104268781656, Vaccinated: 0.06944131262879519\n",
      "County 3, Time 26 - Susceptible: 0.9204480251702781, Infected: 0.0026352009446574203, Recovered: 0.007364799055342573, Vaccinated: 0.06955197482972146\n",
      "County 4, Time 0 - Susceptible: 0.99, Infected: 0.01, Recovered: 0.0, Vaccinated: 0.0\n",
      "County 4, Time 1 - Susceptible: 0.9796511508300001, Infected: 0.0095, Recovered: 0.0005, Vaccinated: 0.01034884917\n",
      "County 4, Time 2 - Susceptible: 0.9709816927032885, Infected: 0.009025, Recovered: 0.000975, Vaccinated: 0.019018307296711518\n",
      "County 4, Time 3 - Susceptible: 0.9643465941722233, Infected: 0.00857375, Recovered: 0.00142625, Vaccinated: 0.02565340582777663\n",
      "County 4, Time 4 - Susceptible: 0.959465234687098, Infected: 0.0081450625, Recovered: 0.0018549375, Vaccinated: 0.03053476531290201\n",
      "County 4, Time 5 - Susceptible: 0.9547496818166843, Infected: 0.007737809374999999, Recovered: 0.002262190625, Vaccinated: 0.03525031818331559\n",
      "County 4, Time 6 - Susceptible: 0.9514593633139777, Infected: 0.007350918906249998, Recovered: 0.00264908109375, Vaccinated: 0.0385406366860222\n",
      "County 4, Time 7 - Susceptible: 0.9473697711833412, Infected: 0.006983372960937498, Recovered: 0.0030166270390625002, Vaccinated: 0.0426302288166586\n",
      "County 4, Time 8 - Susceptible: 0.9431624603452461, Infected: 0.006634204312890623, Recovered: 0.003365795687109375, Vaccinated: 0.04683753965475375\n",
      "County 4, Time 9 - Susceptible: 0.9398773679629535, Infected: 0.006302494097246091, Recovered: 0.003697505902753906, Vaccinated: 0.050122632037046325\n",
      "County 4, Time 10 - Susceptible: 0.9396907224158365, Infected: 0.005987369392383786, Recovered: 0.0040126306076162105, Vaccinated: 0.050309277584163245\n",
      "County 4, Time 11 - Susceptible: 0.9395421009311793, Infected: 0.005688000922764597, Recovered: 0.0043119990772354, Vaccinated: 0.05045789906882053\n",
      "County 4, Time 12 - Susceptible: 0.9320012890520006, Infected: 0.005403600876626367, Recovered: 0.00459639912337363, Vaccinated: 0.05799871094799922\n",
      "County 4, Time 13 - Susceptible: 0.931854089700409, Infected: 0.005133420832795048, Recovered: 0.004866579167204948, Vaccinated: 0.05814591029959081\n",
      "County 4, Time 14 - Susceptible: 0.9283168358738384, Infected: 0.0048767497911552955, Recovered: 0.0051232502088447, Vaccinated: 0.06168316412616138\n",
      "County 4, Time 15 - Susceptible: 0.9282253966655049, Infected: 0.00463291230159753, Recovered: 0.005367087698402466, Vaccinated: 0.06177460333449495\n",
      "County 4, Time 16 - Susceptible: 0.9274657787710167, Infected: 0.0044012666865176535, Recovered: 0.005598733313482342, Vaccinated: 0.06253422122898315\n",
      "County 4, Time 17 - Susceptible: 0.925404146625223, Infected: 0.004181203352191771, Recovered: 0.005818796647808225, Vaccinated: 0.06459585337477676\n",
      "County 4, Time 18 - Susceptible: 0.9245918296415278, Infected: 0.003972143184582182, Recovered: 0.006027856815417813, Vaccinated: 0.06540817035847193\n",
      "County 4, Time 19 - Susceptible: 0.9245413469276293, Infected: 0.0037735360253530726, Recovered: 0.006226463974646922, Vaccinated: 0.06545865307237037\n",
      "County 4, Time 20 - Susceptible: 0.9239274126425328, Infected: 0.0035848592240854188, Recovered: 0.006415140775914575, Vaccinated: 0.06607258735746688\n",
      "County 4, Time 21 - Susceptible: 0.9228299781292878, Infected: 0.0034056162628811476, Recovered: 0.0065943837371188465, Vaccinated: 0.06717002187071179\n",
      "County 4, Time 22 - Susceptible: 0.9223488902507494, Infected: 0.0032353354497370902, Recovered: 0.006764664550262904, Vaccinated: 0.06765110974925019\n",
      "County 4, Time 23 - Susceptible: 0.9217441623466943, Infected: 0.0030735686772502355, Recovered: 0.006926431322749759, Vaccinated: 0.0682558376533053\n",
      "County 4, Time 24 - Susceptible: 0.921004729040474, Infected: 0.0029198902433877237, Recovered: 0.0070801097566122705, Vaccinated: 0.06899527095952561\n",
      "County 4, Time 25 - Susceptible: 0.9205586873712045, Infected: 0.0027738957312183374, Recovered: 0.007226104268781656, Vaccinated: 0.06944131262879519\n",
      "County 4, Time 26 - Susceptible: 0.9204480251702782, Infected: 0.0026352009446574203, Recovered: 0.007364799055342573, Vaccinated: 0.06955197482972146\n",
      "County 5, Time 0 - Susceptible: 0.99, Infected: 0.01, Recovered: 0.0, Vaccinated: 0.0\n",
      "County 5, Time 1 - Susceptible: 0.9796511508300001, Infected: 0.0095, Recovered: 0.0005, Vaccinated: 0.01034884917\n",
      "County 5, Time 2 - Susceptible: 0.9709816927032885, Infected: 0.009025, Recovered: 0.000975, Vaccinated: 0.019018307296711518\n",
      "County 5, Time 3 - Susceptible: 0.9643465941722233, Infected: 0.00857375, Recovered: 0.00142625, Vaccinated: 0.02565340582777663\n",
      "County 5, Time 4 - Susceptible: 0.959465234687098, Infected: 0.0081450625, Recovered: 0.0018549375, Vaccinated: 0.03053476531290201\n",
      "County 5, Time 5 - Susceptible: 0.9547496818166843, Infected: 0.007737809374999999, Recovered: 0.002262190625, Vaccinated: 0.03525031818331559\n",
      "County 5, Time 6 - Susceptible: 0.9514593633139777, Infected: 0.007350918906249998, Recovered: 0.00264908109375, Vaccinated: 0.0385406366860222\n",
      "County 5, Time 7 - Susceptible: 0.9473697711833412, Infected: 0.006983372960937498, Recovered: 0.0030166270390625002, Vaccinated: 0.0426302288166586\n",
      "County 5, Time 8 - Susceptible: 0.9431624603452461, Infected: 0.006634204312890623, Recovered: 0.003365795687109375, Vaccinated: 0.04683753965475375\n",
      "County 5, Time 9 - Susceptible: 0.9398773679629535, Infected: 0.006302494097246091, Recovered: 0.003697505902753906, Vaccinated: 0.050122632037046325\n",
      "County 5, Time 10 - Susceptible: 0.9396907224158365, Infected: 0.005987369392383786, Recovered: 0.0040126306076162105, Vaccinated: 0.050309277584163245\n",
      "County 5, Time 11 - Susceptible: 0.9395421009311793, Infected: 0.005688000922764597, Recovered: 0.0043119990772354, Vaccinated: 0.05045789906882053\n",
      "County 5, Time 12 - Susceptible: 0.9320012890520006, Infected: 0.005403600876626367, Recovered: 0.00459639912337363, Vaccinated: 0.05799871094799922\n",
      "County 5, Time 13 - Susceptible: 0.931854089700409, Infected: 0.005133420832795048, Recovered: 0.004866579167204948, Vaccinated: 0.058145910299590806\n",
      "County 5, Time 14 - Susceptible: 0.9283168358738384, Infected: 0.0048767497911552955, Recovered: 0.0051232502088447, Vaccinated: 0.06168316412616137\n",
      "County 5, Time 15 - Susceptible: 0.9282253966655049, Infected: 0.00463291230159753, Recovered: 0.005367087698402466, Vaccinated: 0.06177460333449494\n",
      "County 5, Time 16 - Susceptible: 0.9274657787710167, Infected: 0.0044012666865176535, Recovered: 0.005598733313482342, Vaccinated: 0.06253422122898314\n",
      "County 5, Time 17 - Susceptible: 0.925404146625223, Infected: 0.004181203352191771, Recovered: 0.005818796647808225, Vaccinated: 0.06459585337477676\n",
      "County 5, Time 18 - Susceptible: 0.9245918296415278, Infected: 0.003972143184582182, Recovered: 0.006027856815417813, Vaccinated: 0.06540817035847193\n",
      "County 5, Time 19 - Susceptible: 0.9245413469276293, Infected: 0.0037735360253530726, Recovered: 0.006226463974646922, Vaccinated: 0.06545865307237056\n",
      "County 5, Time 20 - Susceptible: 0.9239274126425328, Infected: 0.0035848592240854188, Recovered: 0.006415140775914575, Vaccinated: 0.06607258735746707\n",
      "County 5, Time 21 - Susceptible: 0.9228299781292879, Infected: 0.0034056162628811476, Recovered: 0.0065943837371188465, Vaccinated: 0.06717002187071199\n",
      "County 5, Time 22 - Susceptible: 0.9223488902507495, Infected: 0.0032353354497370902, Recovered: 0.006764664550262904, Vaccinated: 0.06765110974925038\n",
      "County 5, Time 23 - Susceptible: 0.9217441623466944, Infected: 0.0030735686772502355, Recovered: 0.006926431322749759, Vaccinated: 0.0682558376533055\n",
      "County 5, Time 24 - Susceptible: 0.9210047290404741, Infected: 0.0029198902433877237, Recovered: 0.0070801097566122705, Vaccinated: 0.06899527095952582\n",
      "County 5, Time 25 - Susceptible: 0.9205586873712045, Infected: 0.0027738957312183374, Recovered: 0.007226104268781656, Vaccinated: 0.06944131262879538\n",
      "County 5, Time 26 - Susceptible: 0.9204480251702782, Infected: 0.0026352009446574203, Recovered: 0.007364799055342573, Vaccinated: 0.06955197482972166\n",
      "County 6, Time 0 - Susceptible: 0.99, Infected: 0.01, Recovered: 0.0, Vaccinated: 0.0\n",
      "County 6, Time 1 - Susceptible: 0.9796511508300001, Infected: 0.0095, Recovered: 0.0005, Vaccinated: 0.01034884917\n",
      "County 6, Time 2 - Susceptible: 0.9709816927032885, Infected: 0.009025, Recovered: 0.000975, Vaccinated: 0.019018307296711518\n",
      "County 6, Time 3 - Susceptible: 0.9643465941722233, Infected: 0.00857375, Recovered: 0.00142625, Vaccinated: 0.02565340582777663\n",
      "County 6, Time 4 - Susceptible: 0.959465234687098, Infected: 0.0081450625, Recovered: 0.0018549375, Vaccinated: 0.03053476531290201\n",
      "County 6, Time 5 - Susceptible: 0.9547496818166844, Infected: 0.007737809374999999, Recovered: 0.002262190625, Vaccinated: 0.03525031818331559\n",
      "County 6, Time 6 - Susceptible: 0.9514593633139778, Infected: 0.007350918906249998, Recovered: 0.00264908109375, Vaccinated: 0.0385406366860222\n",
      "County 6, Time 7 - Susceptible: 0.9473697711833413, Infected: 0.006983372960937498, Recovered: 0.0030166270390625002, Vaccinated: 0.0426302288166586\n",
      "County 6, Time 8 - Susceptible: 0.9431624603452462, Infected: 0.006634204312890623, Recovered: 0.003365795687109375, Vaccinated: 0.04683753965475375\n",
      "County 6, Time 9 - Susceptible: 0.9398773679629536, Infected: 0.006302494097246091, Recovered: 0.003697505902753906, Vaccinated: 0.050122632037046325\n",
      "County 6, Time 10 - Susceptible: 0.9396907224158366, Infected: 0.005987369392381645, Recovered: 0.0040126306076162105, Vaccinated: 0.050309277584163245\n",
      "County 6, Time 11 - Susceptible: 0.9395421009311793, Infected: 0.005688000922762563, Recovered: 0.004311999077235293, Vaccinated: 0.05045789906882053\n",
      "County 6, Time 12 - Susceptible: 0.9320012890520006, Infected: 0.005403600876624434, Recovered: 0.004596399123373421, Vaccinated: 0.05799871094799922\n",
      "County 6, Time 13 - Susceptible: 0.931854089700409, Infected: 0.0051334208327932125, Recovered: 0.004866579167204643, Vaccinated: 0.058145910299590806\n",
      "County 6, Time 14 - Susceptible: 0.9283168358738384, Infected: 0.004876749791153552, Recovered: 0.005123250208844303, Vaccinated: 0.06168316412616137\n",
      "County 6, Time 15 - Susceptible: 0.9282253966655049, Infected: 0.004632912301595875, Recovered: 0.005367087698401981, Vaccinated: 0.06177460333449494\n",
      "County 6, Time 16 - Susceptible: 0.9274657787710167, Infected: 0.004401266686516081, Recovered: 0.005598733313481774, Vaccinated: 0.06253422122898314\n",
      "County 6, Time 17 - Susceptible: 0.9254041466252231, Infected: 0.0041812033521893, Recovered: 0.005818796647807579, Vaccinated: 0.06459585337477676\n",
      "County 6, Time 18 - Susceptible: 0.9245918296415279, Infected: 0.003972143184579835, Recovered: 0.006027856815417044, Vaccinated: 0.06540817035847193\n",
      "County 6, Time 19 - Susceptible: 0.9245413469276295, Infected: 0.003773536025351021, Recovered: 0.0062264639746460355, Vaccinated: 0.06545865307237037\n",
      "County 6, Time 20 - Susceptible: 0.9239274126425329, Infected: 0.003584859224083914, Recovered: 0.006415140775913587, Vaccinated: 0.06607258735746688\n",
      "County 6, Time 21 - Susceptible: 0.9228299781292879, Infected: 0.003405616262877942, Recovered: 0.006594383737117782, Vaccinated: 0.06717002187071179\n",
      "County 6, Time 22 - Susceptible: 0.9223488902507495, Infected: 0.003235335449733867, Recovered: 0.006764664550261679, Vaccinated: 0.06765110974925019\n",
      "County 6, Time 23 - Susceptible: 0.9217441623466944, Infected: 0.0030735686772462856, Recovered: 0.0069264313227483726, Vaccinated: 0.06825583765330531\n",
      "County 6, Time 24 - Susceptible: 0.9210047290404741, Infected: 0.0029198902433833496, Recovered: 0.007080109756610687, Vaccinated: 0.06899527095952562\n",
      "County 6, Time 25 - Susceptible: 0.9205586873712045, Infected: 0.0027738957312148926, Recovered: 0.007226104268779854, Vaccinated: 0.06944131262879519\n",
      "County 6, Time 26 - Susceptible: 0.9204480251702782, Infected: 0.0026352009446541477, Recovered: 0.007364799055340598, Vaccinated: 0.06955197482972146\n",
      "County 7, Time 0 - Susceptible: 0.99, Infected: 0.01, Recovered: 0.0, Vaccinated: 0.0\n",
      "County 7, Time 1 - Susceptible: 0.9796511508300001, Infected: 0.0095, Recovered: 0.0005, Vaccinated: 0.01034884917\n",
      "County 7, Time 2 - Susceptible: 0.9709816927032885, Infected: 0.009025, Recovered: 0.000975, Vaccinated: 0.019018307296711518\n",
      "County 7, Time 3 - Susceptible: 0.9643465941722233, Infected: 0.00857375, Recovered: 0.00142625, Vaccinated: 0.02565340582777663\n",
      "County 7, Time 4 - Susceptible: 0.959465234687098, Infected: 0.0081450625, Recovered: 0.0018549375, Vaccinated: 0.03053476531290201\n",
      "County 7, Time 5 - Susceptible: 0.9547496818166843, Infected: 0.007737809374999999, Recovered: 0.002262190625, Vaccinated: 0.03525031818331559\n",
      "County 7, Time 6 - Susceptible: 0.9514593633139777, Infected: 0.007350918906249998, Recovered: 0.00264908109375, Vaccinated: 0.0385406366860222\n",
      "County 7, Time 7 - Susceptible: 0.9473697711833412, Infected: 0.006983372960937498, Recovered: 0.0030166270390625002, Vaccinated: 0.0426302288166586\n",
      "County 7, Time 8 - Susceptible: 0.9431624603452461, Infected: 0.006634204312890623, Recovered: 0.003365795687109375, Vaccinated: 0.04683753965475375\n",
      "County 7, Time 9 - Susceptible: 0.9398773679629535, Infected: 0.006302494097246091, Recovered: 0.003697505902753906, Vaccinated: 0.050122632037046325\n",
      "County 7, Time 10 - Susceptible: 0.9396907224158365, Infected: 0.005987369392383786, Recovered: 0.0040126306076162105, Vaccinated: 0.050309277584163245\n",
      "County 7, Time 11 - Susceptible: 0.9395421009311793, Infected: 0.005688000922764597, Recovered: 0.0043119990772354, Vaccinated: 0.05045789906882053\n",
      "County 7, Time 12 - Susceptible: 0.9320012890520006, Infected: 0.005403600876626367, Recovered: 0.00459639912337363, Vaccinated: 0.05799871094799922\n",
      "County 7, Time 13 - Susceptible: 0.931854089700409, Infected: 0.005133420832795048, Recovered: 0.004866579167204948, Vaccinated: 0.058145910299590806\n",
      "County 7, Time 14 - Susceptible: 0.9283168358738384, Infected: 0.0048767497911552955, Recovered: 0.0051232502088447, Vaccinated: 0.06168316412616137\n",
      "County 7, Time 15 - Susceptible: 0.9282253966655049, Infected: 0.00463291230159753, Recovered: 0.005367087698402466, Vaccinated: 0.06177460333449494\n",
      "County 7, Time 16 - Susceptible: 0.9274657787710167, Infected: 0.0044012666865176535, Recovered: 0.005598733313482342, Vaccinated: 0.06253422122898314\n",
      "County 7, Time 17 - Susceptible: 0.925404146625223, Infected: 0.004181203352191771, Recovered: 0.005818796647808225, Vaccinated: 0.06459585337477676\n",
      "County 7, Time 18 - Susceptible: 0.9245918296415278, Infected: 0.003972143184582182, Recovered: 0.006027856815417813, Vaccinated: 0.06540817035847193\n",
      "County 7, Time 19 - Susceptible: 0.9245413469276293, Infected: 0.0037735360253530726, Recovered: 0.006226463974646922, Vaccinated: 0.06545865307237037\n",
      "County 7, Time 20 - Susceptible: 0.9239274126425328, Infected: 0.0035848592240854188, Recovered: 0.006415140775914575, Vaccinated: 0.06607258735746688\n",
      "County 7, Time 21 - Susceptible: 0.9228299781292878, Infected: 0.0034056162628811476, Recovered: 0.0065943837371188465, Vaccinated: 0.06717002187071179\n",
      "County 7, Time 22 - Susceptible: 0.9223488902507494, Infected: 0.0032353354497370902, Recovered: 0.006764664550262904, Vaccinated: 0.06765110974925019\n",
      "County 7, Time 23 - Susceptible: 0.9217441623466943, Infected: 0.0030735686772502355, Recovered: 0.006926431322749759, Vaccinated: 0.0682558376533053\n",
      "County 7, Time 24 - Susceptible: 0.921004729040474, Infected: 0.0029198902433877237, Recovered: 0.0070801097566122705, Vaccinated: 0.06899527095952561\n",
      "County 7, Time 25 - Susceptible: 0.9205586873712045, Infected: 0.0027738957312183374, Recovered: 0.007226104268781656, Vaccinated: 0.06944131262879519\n",
      "County 7, Time 26 - Susceptible: 0.9204480251702782, Infected: 0.0026352009446574203, Recovered: 0.007364799055342573, Vaccinated: 0.06955197482972146\n",
      "County 8, Time 0 - Susceptible: 0.99, Infected: 0.01, Recovered: 0.0, Vaccinated: 0.0\n",
      "County 8, Time 1 - Susceptible: 0.9796511508300001, Infected: 0.0095, Recovered: 0.0005, Vaccinated: 0.01034884917\n",
      "County 8, Time 2 - Susceptible: 0.9709816927032885, Infected: 0.009025, Recovered: 0.000975, Vaccinated: 0.019018307296711518\n",
      "County 8, Time 3 - Susceptible: 0.9643465941722232, Infected: 0.00857375, Recovered: 0.00142625, Vaccinated: 0.02565340582777663\n",
      "County 8, Time 4 - Susceptible: 0.9594652346870979, Infected: 0.0081450625, Recovered: 0.0018549375, Vaccinated: 0.03053476531290201\n",
      "County 8, Time 5 - Susceptible: 0.9547496818166842, Infected: 0.007737809374999999, Recovered: 0.002262190625, Vaccinated: 0.03525031818331559\n",
      "County 8, Time 6 - Susceptible: 0.9514593633139776, Infected: 0.007350918906249998, Recovered: 0.00264908109375, Vaccinated: 0.0385406366860222\n",
      "County 8, Time 7 - Susceptible: 0.9473697711833411, Infected: 0.006983372960937498, Recovered: 0.0030166270390625002, Vaccinated: 0.0426302288166586\n",
      "County 8, Time 8 - Susceptible: 0.943162460345246, Infected: 0.006634204312890623, Recovered: 0.003365795687109375, Vaccinated: 0.04683753965475375\n",
      "County 8, Time 9 - Susceptible: 0.9398773679629534, Infected: 0.006302494097246091, Recovered: 0.003697505902753906, Vaccinated: 0.050122632037046325\n",
      "County 8, Time 10 - Susceptible: 0.9396907224158364, Infected: 0.005987369392383786, Recovered: 0.0040126306076162105, Vaccinated: 0.050309277584163245\n",
      "County 8, Time 11 - Susceptible: 0.9395421009311792, Infected: 0.005688000922764597, Recovered: 0.0043119990772354, Vaccinated: 0.05045789906882053\n",
      "County 8, Time 12 - Susceptible: 0.9320012890520005, Infected: 0.005403600876626367, Recovered: 0.00459639912337363, Vaccinated: 0.05799871094799922\n",
      "County 8, Time 13 - Susceptible: 0.9318540897004088, Infected: 0.005133420832795048, Recovered: 0.004866579167204948, Vaccinated: 0.058145910299590806\n",
      "County 8, Time 14 - Susceptible: 0.9283168358738383, Infected: 0.0048767497911552955, Recovered: 0.0051232502088447, Vaccinated: 0.06168316412616137\n",
      "County 8, Time 15 - Susceptible: 0.9282253966655047, Infected: 0.00463291230159753, Recovered: 0.005367087698402466, Vaccinated: 0.06177460333449494\n",
      "County 8, Time 16 - Susceptible: 0.9274657787710165, Infected: 0.0044012666865176535, Recovered: 0.005598733313482342, Vaccinated: 0.06253422122898314\n",
      "County 8, Time 17 - Susceptible: 0.9254041466252229, Infected: 0.004181203352191771, Recovered: 0.005818796647808225, Vaccinated: 0.06459585337477676\n",
      "County 8, Time 18 - Susceptible: 0.9245918296415276, Infected: 0.003972143184582182, Recovered: 0.006027856815417813, Vaccinated: 0.06540817035847193\n",
      "County 8, Time 19 - Susceptible: 0.9245413469276292, Infected: 0.0037735360253530726, Recovered: 0.006226463974646922, Vaccinated: 0.06545865307237037\n",
      "County 8, Time 20 - Susceptible: 0.9239274126425326, Infected: 0.0035848592240854188, Recovered: 0.006415140775914575, Vaccinated: 0.06607258735746688\n",
      "County 8, Time 21 - Susceptible: 0.9228299781292878, Infected: 0.0034056162628811476, Recovered: 0.0065943837371188465, Vaccinated: 0.06717002187071179\n",
      "County 8, Time 22 - Susceptible: 0.9223488902507494, Infected: 0.0032353354497370902, Recovered: 0.006764664550262904, Vaccinated: 0.06765110974925019\n",
      "County 8, Time 23 - Susceptible: 0.9217441623466943, Infected: 0.0030735686772502355, Recovered: 0.006926431322749759, Vaccinated: 0.06825583765330531\n",
      "County 8, Time 24 - Susceptible: 0.921004729040474, Infected: 0.0029198902433877237, Recovered: 0.0070801097566122705, Vaccinated: 0.06899527095952562\n",
      "County 8, Time 25 - Susceptible: 0.9205586873712044, Infected: 0.0027738957312183374, Recovered: 0.007226104268781656, Vaccinated: 0.06944131262879519\n",
      "County 8, Time 26 - Susceptible: 0.9204480251702781, Infected: 0.0026352009446574203, Recovered: 0.007364799055342573, Vaccinated: 0.06955197482972146\n",
      "County 9, Time 0 - Susceptible: 0.99, Infected: 0.01, Recovered: 0.0, Vaccinated: 0.0\n",
      "County 9, Time 1 - Susceptible: 0.9796511508300001, Infected: 0.0095, Recovered: 0.0005, Vaccinated: 0.01034884917\n",
      "County 9, Time 2 - Susceptible: 0.9709816927032885, Infected: 0.009025, Recovered: 0.000975, Vaccinated: 0.019018307296711518\n",
      "County 9, Time 3 - Susceptible: 0.9643465941722232, Infected: 0.00857375, Recovered: 0.00142625, Vaccinated: 0.02565340582777663\n",
      "County 9, Time 4 - Susceptible: 0.9594652346870979, Infected: 0.0081450625, Recovered: 0.0018549375, Vaccinated: 0.03053476531290201\n",
      "County 9, Time 5 - Susceptible: 0.9547496818166842, Infected: 0.007737809374999999, Recovered: 0.002262190625, Vaccinated: 0.03525031818331559\n",
      "County 9, Time 6 - Susceptible: 0.9514593633139776, Infected: 0.007350918906249998, Recovered: 0.00264908109375, Vaccinated: 0.0385406366860222\n",
      "County 9, Time 7 - Susceptible: 0.9473697711833411, Infected: 0.006983372960937498, Recovered: 0.0030166270390625002, Vaccinated: 0.0426302288166586\n",
