region,timePeriod,R
1,1,34971.6373080067
1,2,34290.91104315584
1,3,33419.97141543213
1,4,32476.414233300027
1,5,31479.866231058877
1,6,30446.770176842118
1,7,29390.847373001005
1,8,28323.49526677331
1,9,27254.129166721443
1,10,26274.056706589694
1,11,25300.99742187982
1,12,24329.684484485115
1,13,23366.48961818976
1,14,22416.576550622358
1,15,21484.083884816126
1,16,20572.281962830686
1,17,19683.707344054954
1,18,18820.278019909336
1,19,17983.392054842036
1,20,17174.01197125079
1,21,16397.03531292945
1,22,15647.654100952961
1,23,14926.038154334943
1,24,14232.135422412064
1,25,13565.712460578514
1,26,12926.388836297812
1,27,12313.666326003518
1,28,11726.953643753552
1,29,11165.58733930737
1,30,10628.849414368493
1,31,10105.613656866573
1,32,9607.409622829837
1,33,9133.14133595427
1,34,8681.746191272063
1,35,8251.815800179711
1,36,7842.809520968484
1,37,7453.759968580967
1,38,7083.737273624719
1,39,6732.4910392650245
1,40,6398.402191965738
1,41,6079.6587542729585
1,42,5776.690460743429
1,43,5488.730865386223
1,44,5215.048772255346
1,45,4954.946895996951
1,46,4707.760531115277
1,47,4472.856237542956
1,48,4249.63054861743
1,49,4037.508706307742
1,50,3835.9174222380902
1,51,3718.148418748274
1,52,3590.7222232323097
1,53,3457.3862801536397
1,54,3321.0150989314843
1,55,3183.7978688854764
1,56,3047.3864601126497
1,57,2913.0121399974605
1,58,2782.878623990017
1,59,2657.115080353288
1,60,2535.7972345310013
1,61,2486.744833340515
1,62,2429.440603893737
1,63,2365.7711401365696
1,64,2297.325736168814
1,65,2225.439200225966
1,66,2151.2286793860685
1,67,2075.6253244142636
1,68,1999.4015097130937
1,69,1921.201820927878
1,70,1842.3403353748308
1,71,1829.4355304796054
1,72,1800.5414013357026
1,73,1759.9506726991788
1,74,1714.5820962795342
1,75,1665.6119412723228
1,76,1622.8874935305112
1,77,1576.7146864141775
1,78,1528.034934800622
1,79,1477.6366919489694
1,80,1426.1776787544698
1,81,1372.150090808709
1,82,1322.609040136206
1,83,1276.1361020672343
1,84,1234.0174320914898
1,85,1194.6770278034887
1,86,1159.6134800036896
1,87,1121.1223458399018
1,88,1085.1599441192313
1,89,1046.7759822146165
1,90,1006.9776709919495
1,91,1036.5069332234627
1,92,1047.785321729367
1,93,1045.2480064248898
1,94,1032.3686472214183
1,95,1014.7102112162031
1,96,990.8030977765189
1,97,962.4573766133825
1,98,931.078110426008
1,99,898.9622134640208
1,100,865.420129552677
1,101,850.2169537542875
1,102,829.8796923031761
1,103,805.9028408149337
1,104,779.446233944451
1,105,751.406365031737
1,106,722.4726765799119
1,107,693.1719802927281
1,108,666.0411282679726
1,109,641.0444351085097
1,110,617.5550428678918
1,111,665.147734110515
1,112,693.8819976799433
1,113,708.1613015131599
1,114,711.4422253741006
1,115,706.4344153653087
1,116,697.4682915734663
1,117,685.3213082675626
1,118,670.6522445406936
1,119,652.6012636460013
1,120,633.3210111615799
1,121,679.771187067122
1,122,707.4944466200266
1,123,720.8720612249712
1,124,723.3428043431198
1,125,717.6019976076876
1,126,705.7587011778651
1,127,689.4598408449156
1,128,669.9882178361654
1,129,648.3398884808187
1,130,625.2852484705824
1,131,669.2045533322323
1,132,695.1393438209121
1,133,707.3044409725468
1,134,709.0076497546368
1,135,702.8413276231718
1,136,690.8336689234638
1,137,680.1435597968664
1,138,664.9791255194878
1,139,646.6159367763607
1,140,627.1211372811168
1,141,676.2013256963884
1,142,711.751433715933
1,143,747.6742017379355
1,144,784.0176518897797
1,145,803.0612258838962
1,146,808.9212852946997
1,147,804.8255863869133
1,148,793.301095699557
1,149,776.3223039338509
1,150,755.4283365223829
1,151,721.3466376264311
1,152,688.1941829099416
1,153,656.087226724662
1,154,625.1020402270005
1,155,595.2840863381222
2,1,8878.80949223539
2,2,8658.798225930546
2,3,8391.341999572838
2,4,8094.067342763983
2,5,7779.738091128256
2,6,7457.537657928171
2,7,7134.015977364087
2,8,6813.788673019471
2,9,6503.42330271541
2,10,6203.463563846261
2,11,5933.504796321164
2,12,5666.5480059881775
2,13,5407.928524588996
2,14,5158.074262133194
2,15,4917.249303987946
2,16,4685.5861156634655
2,17,4463.112088674099
2,18,4249.771393029565
2,19,4045.4429385454027
2,20,3849.201116726779
2,21,3698.8272385905116
2,22,3544.9875619813383
2,23,3390.722329334012
2,24,3238.1714963561476
2,25,3088.81504603659
2,26,2944.8101300426056
2,27,2806.2459778468174
2,28,2673.147199924769
2,29,2545.4871612632323
2,30,2423.1989761577415
2,31,2343.9176866572598
2,32,2257.6701315525693
2,33,2167.6574402745605
2,34,2076.1761007672512
2,35,1984.8575282511322
2,36,1894.8449336725137
2,37,1807.7767433056238
2,38,1723.7681165620768
2,39,1642.2946862356346
2,40,1563.6643188195808
2,41,1485.4811028786019
2,42,1411.2070477346717
2,43,1340.646695347938
2,44,1273.614360580541
2,45,1209.933642551514
2,46,1149.4369604239382
2,47,1091.9651124027412
2,48,1037.3668567826041
2,49,985.4985139434739
2,50,936.2235882463001
2,51,930.9645796641585
2,52,915.1234049244486
2,53,894.8970795762704
2,54,869.0187809771115
2,55,841.2534960709008
2,56,810.7825196787703
2,57,778.8096588208673
2,58,746.199645807964
2,59,713.5678807944614
2,60,681.3466893223641
2,61,688.3717174782786
2,62,684.3203875820468
2,63,672.5457703704516
2,64,655.5026780537166
2,65,634.983265144152
2,66,612.2910797008609
2,67,588.3696323203021
2,68,563.8973564850008
2,69,539.3577347326984
2,70,515.0910748432327
2,71,530.3971147695639
2,72,534.2210377521019
2,73,529.9340383393278
2,74,522.0806936499359
2,75,517.2189001925374
2,76,507.05597144825816
2,77,493.3040068959372
2,78,477.21182289198833
2,79,459.6866908232755
2,80,441.384260539192
2,81,461.1630630271383
2,82,472.89734997487426
2,83,474.9640957093601
2,84,470.2167731032487
2,85,460.74758637863096
2,86,448.0869878363718
2,87,433.35107943851415
2,88,417.35050336112556
2,89,402.41630404864964
2,90,388.5076810170098
2,91,412.87569530437133
2,92,424.59523191109145
2,93,427.2819648093996
2,94,423.5921559998941
2,95,420.9175292341193
2,96,419.24636791524154
2,97,412.60196401002946
2,98,402.55280461804443
2,99,390.244478166636
2,100,376.51072714135
2,101,400.20011559280385
2,102,415.53701829896835
2,103,420.8815327550296
2,104,419.1411451264542
2,105,412.4495140479127
2,106,402.36918829089734
2,107,390.0413776859885
2,108,376.2965982720101
2,109,361.7364052769768
2,110,346.7937616959492
2,111,371.5966733072295
2,112,384.1602208172695
2,113,387.9671684650277
2,114,385.5768645126677
2,115,378.8669735410231
2,116,369.21208057966965
2,117,357.6156453245868
2,118,344.80748378227
2,119,331.31577630812785
2,120,317.5202521950853
2,121,342.7584067245457
2,122,356.003855904198
2,123,360.6569731812231
2,124,366.132740167792
2,125,372.4396237403771
2,126,372.0070342626985
2,127,366.8486430227661
2,128,358.4398196613244
2,129,347.85876557384404
2,130,335.8907796609897
2,131,360.97160574722363
2,132,373.8689202460629
2,133,378.0444904807618
2,134,376.0424689632582
2,135,369.72959553692436
2,136,360.4726715262098
2,137,349.26967966107065
2,138,336.84664990257266
2,139,323.72921307939055
2,140,310.2954503269895
2,141,335.6487183207633
2,142,349.06776434170615
2,143,353.93327127604994
2,144,352.73027122915346
2,145,347.2825750066894
2,146,338.92598226987116
2,147,328.63625227036607
2,148,317.12364423208527
2,149,304.90275420158156
2,150,292.34409741333576
2,151,277.72689254266896
2,152,263.8405479155355
2,153,250.64852051975873
2,154,238.1160944937708
2,155,226.21028976908224
3,1,42559.1251369688
3,2,42710.09336672139
3,3,41663.914602980614
3,4,40101.41665522813
3,5,38345.23936245227
3,6,36546.94850644275
3,7,34797.95545555829
3,8,33095.51107376159
3,9,31458.638240962522
3,10,29894.263829499345
3,11,28432.331933483223
3,12,27026.38479603839
3,13,25682.555557748088
3,14,24402.008000583235
3,15,23183.618946059454
3,16,22025.25602190805
3,17,20924.3842358791
3,18,19878.35192928691
3,19,18884.523673509004
3,20,17940.340194681674
3,21,17189.29773810319
3,22,16399.608687606407
3,23,15612.98110302929
3,24,14848.274710083755
3,25,14113.481567114002
3,26,13411.45013198976
3,27,12742.61880885491
3,28,12107.368346553973
3,29,11504.030845619427
3,30,10931.02269304306
3,31,10384.47155839091
3,32,9865.247980471364
3,33,9371.985581447796
3,34,8903.386302375406
3,35,8458.216987256636
3,36,8035.306137893804
3,37,7633.5408309991135
3,38,7251.863789449158
3,39,6889.2705999766995
3,40,6544.807069977865
3,41,6364.409659925965
3,42,6116.380103897329
3,43,5844.112361793005
3,44,5567.944247460634
3,45,5297.2129618835825
3,46,5036.016626797882
3,47,4785.967337076039
3,48,4547.506207115666
3,49,4320.531095994943
3,50,4104.695836429554
3,51,4043.195457558004
3,52,3909.7407340701693
3,53,3747.0947109751114
3,54,3575.4379799311955
3,55,3404.169727087949
3,56,3237.547983594835
3,57,3077.3850475027875
3,58,2924.3353084835653
3,59,2778.510270443516
3,60,2639.7720026109537
3,61,2651.9259111511687
3,62,2588.2297347382346
3,63,2491.752504952453
3,64,2382.9074545274707
3,65,2271.287032566319
3,66,2161.3196074037787
3,67,2054.972957884231
3,68,1953.0461501366258
3,69,1855.7866822198725
3,70,1763.185125432936
3,71,1819.3370891908355
3,72,1910.2889587005395
3,73,2044.1012542011435
3,74,2230.985484266043
3,75,2431.6526462496936
3,76,2647.2637650299184
3,77,2939.9670194058913
3,78,3252.0404264732633
3,79,3585.23590383028
3,80,4030.9764354756317
3,81,4560.905358112348
3,82,5254.960934810603
3,83,6154.613212777716
3,84,7102.274902823084
3,85,8329.708754954501
3,86,9908.182818328578
3,87,11927.619624526293
3,88,14501.453444232067
3,89,17772.753550075457
3,90,21921.943396587805
3,91,26558.595904533715
3,92,32457.37035311057
3,93,35594.00925042405
3,94,39814.14383521279
3,95,40691.3577960663
3,96,41754.14475108627
3,97,43570.96303091619
3,98,46314.45974658494
3,99,50203.46651886636
3,100,54394.401333302565
3,101,57078.5032133843
3,102,56807.60494326008
3,103,56756.89373788568
3,104,56931.89161612308
3,105,57339.16700565915
3,106,57986.388223345784
3,107,58882.382745585666
3,108,60037.202656386115
3,109,61462.19669549293
3,110,63170.08936639848
3,111,64365.60794348221
3,112,65849.67243534402
3,113,67635.72129373564
3,114,69738.75030762036
3,115,72175.41307709657
3,116,74964.13073088754
3,117,78125.21156660064
3,118,82928.79864973837
3,119,88188.99419163664
3,120,93938.7107943908
3,121,98687.33147105963
3,122,98267.9407689403
3,123,98060.29590431278
3,124,98239.49345682221
3,125,98816.30811952418
3,126,99803.38519593449
3,127,102285.91719943423
3,128,105242.1387038227
3,129,110153.725958144
3,130,115994.5175466796
3,131,114816.62490413584
3,132,114067.37355250247
3,133,113754.91115993663
3,134,114862.94206488554
3,135,113595.49334013733
3,136,110863.41362520796
3,137,106729.24113104062
3,138,102066.28020791906
3,139,97415.75844012179
3,140,93033.98614012227
3,141,88382.28683311617
3,142,83963.17249146035
3,143,79765.01386688734
3,144,75776.76317354297
3,145,71987.92501486582
3,146,68388.52876412253
3,147,64969.1023259164
3,148,61720.647209620576
3,149,58634.61484913955
3,150,55702.88410668257
3,151,52917.73990134844
3,152,50271.85290628101
3,153,47758.26026096696
3,154,45370.34724791861
3,155,43101.829885522675
4,1,5305.5208219507
4,2,5308.846905930625
4,3,5205.908846305958
4,4,5046.268558535811
4,5,4859.682946527005
4,6,4657.4106083802535
4,7,4451.711139407706
4,8,4247.25954884669
4,9,4046.9991805859704
4,10,3852.726502924481
4,11,3660.090177778257
4,12,3477.085668889344
4,13,3303.2313854448767
4,14,3138.0698161726327
4,15,2981.1663253640013
4,16,2832.108009095801
4,17,2690.502608641011
4,18,2555.9774782089603
4,19,2428.1786042985127
4,20,2306.769674083587
4,21,2192.950615295273
4,22,2084.222336604642
4,23,1980.6114913788185
4,24,1881.9440811305446
4,25,1788.0665914880212
4,26,1698.8067354259645
4,27,1613.9600868582272
4,28,1533.3187638784702
4,29,1456.6898386146863
4,30,1383.8777395066866
4,31,1316.1520694151156
4,32,1251.2327371590368
4,33,1189.2085043859645
4,34,1130.0732086380183
4,35,1073.7662515362854
4,36,1020.1969444742227
4,37,969.2590955869364
4,38,920.8396998011265
4,39,874.8240680021601
4,40,831.0988082826614
4,41,791.0170591957535
4,42,752.3574869889371
4,43,715.2788374950378
4,44,679.8411266578921
4,45,646.0464401027493
4,46,613.8635268131517
4,47,583.2425927453958
4,48,554.1241696832315
4,49,526.4444036770087
4,50,500.13818119231127
4,51,476.60691395329184
4,52,453.7614116066931
4,53,431.7306254788598
4,54,410.5827658485162
4,55,390.3400801393608
4,56,371.0142545864674
4,57,352.5911343573935
4,58,335.0467328741903
4,59,318.3512288340972
4,60,302.4680511175802
4,61,288.820718392632
4,62,275.3435560725982
4,63,262.2196675093398
4,64,249.53801537289675
4,65,237.34765027317653
4,66,225.66737555132545
4,67,214.4999013400049
4,68,203.84502248558329
4,69,193.69519166991424
4,70,184.03609637312763
4,71,176.31067391760652
4,72,168.45921790485352
4,73,160.67968245533004
4,74,153.07512047503653
4,75,145.70796078917115
4,76,138.61383714561802
4,77,131.81080182016441
4,78,125.29933218497001
4,79,119.08599858336794
4,80,113.16615852350276
4,81,107.50785059732763
4,82,102.13245806746124
4,83,97.02583516408818
4,84,92.17454340588377
4,85,87.56581623558958
4,86,83.1875254238101
4,87,79.02814915261959
4,88,75.07674169498861
4,89,71.32290461023918
4,90,67.75675937972721
4,91,65.89501414738743
4,92,63.52354954568923
4,93,60.96357321532971
4,94,58.32664720002093
4,95,55.68478485559836
4,96,53.08372690121551
4,97,50.55179574803094
4,98,48.10579907568757
4,99,45.75496436689302
4,100,43.50355957905458
4,101,41.32838160010186
4,102,39.26196252009676
4,103,37.29886439409192
4,104,35.43392117438732
4,105,33.66222511566796
4,106,31.97911385988456
4,107,30.380158166890332
4,108,28.861150258545816
4,109,27.418092745618523
4,110,26.047188108337597
4,111,26.27078009787285
4,112,25.88044168692525
4,113,25.202563678978574
4,114,24.353650051618732
4,115,23.410412144105347
4,116,22.40988251908492
4,117,21.392232937352507
4,118,20.384842239739086
4,119,19.40324380205093
4,120,18.457662931265496
4,121,17.534779784702224
4,122,16.658040795467112
4,123,15.825138755693755
4,124,15.033881817909068
4,125,14.282187727013614
4,126,13.568078340662932
4,127,12.889674423629787
4,128,12.245190702448296
4,129,11.632931167325882
4,130,11.051284608959588
4,131,10.498720378511608
4,132,9.973784359586027
4,133,9.475095141606726
4,134,9.001340384526388
4,135,8.55127336530007
4,136,8.123709697035066
4,137,7.717524212183313
4,138,7.3316480015741465
4,139,6.965065601495439
4,140,6.616812321420667
4,141,7.808171535387423
4,142,8.433679125185272
4,143,8.690017618492972
4,144,8.708028920409314
4,145,8.574634105216926
4,146,8.34746162537074
4,147,8.064609171143946
4,148,7.751157779074409
4,149,7.4235184390945514
4,150,7.09233215672498
4,151,6.7377155488887315
4,152,6.400829771444295
4,153,6.08078828287208
4,154,5.776748868728475
4,155,5.487911425292052
5,1,55494.1283630894
5,2,54658.578954522505
5,3,53913.28594162364
5,4,53432.64313031395
5,5,52371.33159395413
5,6,50923.46810510974
5,7,49333.05670322692
5,8,47646.68796761901
5,9,45901.37750811347
5,10,44126.37497640569
5,11,42097.78501085862
5,12,40122.10458575533
5,13,38209.93417256218
5,14,36367.72807523485
5,15,34598.98894588879
5,16,32905.133067094546
5,17,31286.116438039462
5,18,29740.88711380333
5,19,28267.711371916226
5,20,26864.408285555244
5,21,25641.476057971362
5,22,24446.851766799246
5,23,23288.084973484416
5,24,22169.900327793464
5,25,21095.00696277263
5,26,20064.68501517914
5,27,19086.489874978957
5,28,18157.83046955275
5,29,17268.597465285748
5,30,16418.732335487588
5,31,15723.366241694663
5,32,15028.487699817444
5,33,14343.430977767433
5,34,13674.508719837067
5,35,13025.860518371686
5,36,12400.068641953845
5,37,11798.604545543196
5,38,11222.152415310515
5,39,10670.843371096325
5,40,10144.42476769433
5,41,9759.752309660053
5,42,9360.857657491817
5,43,8957.585358947064
5,44,8556.794305807502
5,45,8163.187722682391
5,46,7779.915823632418
5,47,7409.013235560972
5,48,7051.716332444021
5,49,6708.693298368436
5,50,6380.210776361406
5,51,6183.4908468366675
5,52,5963.221577451087
5,53,5729.6946320177285
5,54,5490.198915427138
5,55,5249.849983568265
5,56,5012.192541504228
5,57,4779.638000951169
5,58,4553.782148805214
5,59,4335.63567818942
5,60,4125.791391251336
5,61,4042.316501864871
5,62,3929.4869492596536
5,63,3797.923721895466
5,64,3655.2179201125164
5,65,3506.7644335015866
5,66,3356.367698456451
5,67,3206.681774313598
5,68,3059.5299845849554
5,69,2917.3155142487253
5,70,2780.235858924548
5,71,2766.3512227850338
5,72,2719.0011046442623
5,73,2649.184380471944
5,74,2564.8040931288906
5,75,2471.5172718042013
5,76,2373.3525178961772
5,77,2273.1587687403176
5,78,2172.931338692518
5,79,2078.0510428568386
5,80,1988.2589185904167
5,81,1895.632534100411
5,82,1805.7847375619176
5,83,1719.0823952148874
5,84,1635.7359477782277
5,85,1555.8449281689254
5,86,1479.4309122062552
5,87,1406.4613401300217
5,88,1336.8667078827962
5,89,1270.5529445586496
5,90,1207.5681087024604
5,91,1272.5730038028787
5,92,1300.0980131020733
5,93,1301.361822895719
5,94,1284.4710842471736
5,95,1255.2724652995817
5,96,1217.9719699720881
5,97,1175.5850654840358
5,98,1131.9187592000485
5,99,1087.6610311628574
5,100,1043.3508941856976
5,101,1117.525922442335
5,102,1153.5006768664437
5,103,1162.6013567702275
5,104,1153.017232825862
5,105,1130.659272395613
5,106,1099.7842479562614
5,107,1063.4483573426203
5,108,1023.8369044125822
5,109,982.5038807012197
5,110,940.5460499033956
5,111,1017.1737607890254
5,112,1056.2122674774157
5,113,1068.7569146706858
5,114,1062.8323433694627
5,115,1044.23287671328
5,116,1017.1333763000509
5,117,984.5332357531587
5,118,948.5790700164168
5,119,910.7992211446121
5,120,872.2741591526761
5,121,951.9709430301302
5,122,994.0191234427326
5,123,1009.4913382097031
5,124,1006.3976665719488
5,125,994.7595461440089
5,126,976.6013600689053
5,127,950.7298002911944
5,128,926.7257812080123
5,129,897.4975985147233
5,130,865.0603119178772
5,131,947.6915156346436
5,132,991.8247672932152
5,133,1008.7669894776554
5,134,1006.6984658229691
5,135,991.5284059023763
5,136,967.5168412776516
5,137,937.7266492861455
5,138,904.3520844244559
5,139,872.9840419959162
5,140,839.403471319401
5,141,924.8232620978754
5,142,971.1946030713927
5,143,1017.5626895981944
5,144,1063.9855672156652
5,145,1110.5198262546974
5,146,1127.500116631628
5,147,1123.8371775884336
5,148,1105.966991264169
5,149,1078.52849764856
5,150,1053.1584251124211
5,151,1014.6594609789502
5,152,974.2200497578057
5,153,932.9924667187281
5,154,894.6823660165486
5,155,856.0110806704624
6,1,391397.980748623
6,2,384504.1808239488
6,3,378449.4387609058
6,4,374151.4533554032
6,5,367158.09440019977
6,6,358183.2748639557
6,7,347789.96235295443
6,8,336420.66107229615
6,9,324421.8056851098
6,10,312063.27971166355
6,11,297442.7613273068
6,12,283427.88328345143
6,13,270004.36276291654
6,14,257156.5895914802
6,15,244867.95310086355
6,16,233080.47902997522
6,17,221791.6498693845
6,18,211020.66331150345
6,19,200724.8254903344
6,20,190892.99568668695
6,21,181596.8327012578
6,22,172733.77094955978
6,23,164270.72308865708
6,24,156196.273124171
6,25,148497.86750610985
6,26,141170.16650328413
6,27,134189.50926847622
6,28,127542.3925284278
6,29,121215.2222394301
6,30,115194.47054673497
6,31,109645.34320808966
6,32,104346.80016269958
6,33,99289.74107250317
6,34,94453.63903414679
6,35,89833.79347966977
6,36,85424.47575986775
6,37,81219.23190717371
6,38,77211.12023998982
6,39,73392.89702045833
6,40,69760.18329758449
6,41,66279.18313281567
6,42,62971.338627871206
6,43,59828.106118617514
6,44,56841.35456256146
6,45,54003.34676582418
6,46,51306.721311678295
6,47,48744.22229529479
6,48,46309.48622225248
6,49,43995.99441955954
6,50,41797.78268782572
6,51,39913.54774385918
6,52,38082.59936319644
6,53,36310.41732926732
6,54,34600.58675812275
6,55,32955.21534676697
6,56,31375.265578595456
6,57,29860.81890999832
6,58,28411.285569374846
6,59,27025.570882412132
6,60,25702.206861087856
6,61,24627.28548918957
6,62,23564.28258062613
6,63,22520.92590567756
6,64,21502.900431113947
6,65,20514.280086955183
6,66,19557.872349202367
6,67,18635.4930512848
6,68,17748.185368674145
6,69,16896.394143173253
6,70,16080.104488403778
6,71,15487.140586289337
6,72,14881.827656141773
6,73,14273.140596767375
6,74,13667.942429998591
6,75,13071.420857817398
6,76,12508.113510668696
6,77,11976.491815011374
6,78,11475.108779352086
6,79,11002.595116124321
6,80,10533.560022685717
6,81,10048.629050326754
6,82,9579.63696785945
6,83,9127.440054875753
6,84,8692.522785394794
6,85,8275.081887468581
6,86,7875.093171411317
6,87,7495.640740911246
6,88,7132.31478855015
6,89,6787.601921109805
6,90,6457.75602551603
6,91,6344.439291213927
6,92,6195.083751299163
6,93,6019.790569875597
6,94,5826.504307301071
6,95,5621.449407937341
6,96,5409.479460657533
6,97,5194.356608641421
6,98,4978.975026143778
6,99,4765.539609432068
6,100,4555.708809971441
6,101,4539.858895536319
6,102,4482.626307136326
6,103,4394.473037237347
6,104,4283.667799787206
6,105,4156.728059741638
6,106,4018.7738203595345
6,107,3873.8107423891456
6,108,3738.2788672261313
6,109,3597.950012091936
6,110,3455.367167157255
6,111,3500.9395947658045
6,112,3500.7835845866107
6,113,3465.8320719741164
6,114,3404.750689335496
6,115,3324.3935418577503
6,116,3230.1680547430747
6,117,3126.326998178469
6,118,3016.202192553756
6,119,2902.391509897721
6,120,2786.9084754071287
6,121,2859.2428690865167
6,122,2885.8362594094365
6,123,2877.3584289945384
6,124,2842.277507571826
6,125,2787.3020192148733
6,126,2717.734766258462
6,127,2637.7561041970093
6,128,2550.650668064586
6,129,2462.1862734445053
6,130,2373.1600040466983
6,131,2469.151403808849
6,132,2517.628002989959
6,133,2529.4658725070753
6,134,2513.305713884679
6,135,2476.001249327814
6,136,2422.9782045924558
6,137,2358.5216855653903
6,138,2286.006206640369
6,139,2208.0797911963023
6,140,2126.8112914417366
6,141,2230.4758306868616
6,142,2337.1473420186016
6,143,2395.064412513404
6,144,2415.3055164019156
6,145,2406.6756945176794
6,146,2376.162408394419
6,147,2335.7136909556266
6,148,2287.2887495684076
6,149,2227.6812673615973
6,150,2160.1575251660774
6,151,2063.0000405031387
6,152,1968.5412021458694
6,153,1877.0757641365537
6,154,1788.7982352302063
6,155,1703.8249071683806
7,1,3247.45053596895
7,2,3173.538115508172
7,3,3088.3715580993667
7,4,2995.0400796870463
7,5,2896.051455381084
7,6,2793.4332511247717
7,7,2691.3225502922787
7,8,2590.200703096488
7,9,2488.4828648866055
7,10,2388.8048938020515
7,11,2279.370114685702
7,12,2174.310475498286
7,13,2073.527406496704
7,14,1976.9140939020438
7,15,1884.3573358098895
7,16,1795.7391470746597
7,17,1710.6055221848517
7,18,1629.218573301488
7,19,1551.446863198336
7,20,1477.1594002459549
7,21,1405.5232174991243
7,22,1337.0933618417712
7,23,1271.772973385511
7,24,1209.4593110936087
7,25,1150.0458592185255
7,26,1093.4240221253444
7,27,1039.5367789237175
7,28,988.2114089962878
7,29,939.3422093010597
7,30,892.824977933068
7,31,848.3112132251409
7,32,806.0015919247154
7,33,765.7895479373308
7,34,727.5732281314195
7,35,691.2553606829323
7,36,656.7431124279533
7,37,623.947938743044
7,38,592.7854287951136
7,39,563.1751484434012
7,40,535.0404826153951
7,41,508.5733345119483
7,42,483.38139976505624
7,43,459.4090540511076
7,44,436.602079220499
7,45,414.9078253710618
7,46,394.2753255452381
7,47,374.6553720568844
7,48,356.00056188162284
7,49,338.26531724086294
7,50,321.4058864285297
7,51,305.6295893572357
7,52,290.59242160423406
7,53,276.2658235590711
7,54,262.6212445232431
7,55,249.63038208718723
7,56,237.2653690084062
7,57,225.4989170652415
7,58,214.3044257295088
7,59,203.65606214710033
7,60,193.52881779182493
7,61,184.14851920263862
7,62,175.18718749415115
7,63,166.6323324425601
7,64,158.47065891294193
7,65,150.68834867717052
7,66,143.2712873152187
7,67,136.2052458452122
7,68,129.47602507932356
7,69,123.06956933377246
7,70,116.97205498457679
7,71,111.42090435643125
7,72,106.11471050722226
7,73,101.02906646917819
7,74,96.20408728616852
7,75,91.62692481238236
7,76,87.28537867711064
7,77,83.1678640516576
7,78,79.21452367935719
7,79,75.42419639735405
7,80,71.80470975979574
7,81,68.29355167500078
7,82,64.94458741330564
7,83,61.75196581326799
7,84,58.70974657999614
7,85,55.81466476369778
7,86,53.057508506567785
7,87,50.43253555249601
7,88,47.93409572848546
7,89,45.56125031733025
7,90,43.30301494231232
7,91,41.42585155547638
7,92,39.61098292329558
7,93,37.85875365828682
7,94,36.15554979661314
7,95,34.51671130121515
7,96,32.941299016797245
7,97,31.42817095504179
7,98,29.976019813330446
7,99,28.58340561700261
7,100,27.248784057831642
7,101,25.95519870997406
7,102,24.718746246997625
7,103,23.53375544431375
7,104,22.399404221630512
7,105,21.314615683210455
7,106,20.27812086903161
7,107,19.288509916634805
7,108,18.344273641469584
7,109,17.44383720176998
7,110,16.585587230094173
7,111,16.04064457711722
7,112,15.474896153047926
7,113,14.897503187173164
7,114,14.315796408331723
7,115,13.735599512124942
7,116,13.161497256537043
7,117,12.59705757904544
7,118,12.045015539106759
7,119,11.507425569371716
7,120,10.985787421703195
7,121,10.733811587212424
7,122,10.44418855676174
7,123,10.12729226206781
7,124,9.791542862607214
7,125,9.443746962014016
7,126,9.089379826461697
7,127,8.732819431766318
7,128,8.377540503975625
7,129,8.026275337172669
7,130,7.694534172603339
7,131,7.617238848426506
7,132,7.491852386485903
7,133,7.329559891441086
7,134,7.139503300145279
7,135,6.929134321260577
7,136,6.704507345865396
7,137,6.470522493067109
7,138,6.231127235959083
7,139,5.989483625091299
7,140,5.748106939859704
7,141,5.757010345318603
7,142,5.715392401340188
7,143,5.6342420496751044
7,144,5.522568559233349
7,145,5.387742217878583
7,146,5.235777140954989
7,147,5.071565994136589
7,148,4.899074771630348
7,149,4.72150439420252
7,150,4.545427319263639
7,151,4.338499186879274
7,152,4.138479454639309
7,153,3.9456037256307654
7,154,3.759997629883391
7,155,3.582392358600841
8,1,22174.9338293152
8,2,21787.243932873538
8,3,21225.6953101875
8,4,20541.533343270858
8,5,19793.33898566664
8,6,19009.90550430243
8,7,18211.9198786135
8,8,17414.10477050744
8,9,16626.800997049373
8,10,15857.136330614176
8,11,15093.127951368167
8,12,14359.588609892158
8,13,13657.066864457187
8,14,12985.528546697982
8,15,12344.534718002476
8,16,11733.370844306388
8,17,11151.185788690957
8,18,10596.908411447524
8,19,10069.465350599045
8,20,9567.768628084914
8,21,9140.551688257254
8,22,8720.08613457586
8,23,8310.845234342503
8,24,7914.893786180037
8,25,7533.489572393045
8,26,7167.312321855504
8,27,6816.630676718834
8,28,6481.423809622762
8,29,6161.329258526711
8,30,5856.173695630259
8,31,5613.868547588968
8,32,5368.881120684856
8,33,5126.57385699856
8,34,4889.377296147328
8,35,4658.913151963007
8,36,4436.218949860927
8,37,4221.655781403601
8,38,4015.697172111676
8,39,3818.5351086093187
8,40,3630.1696693168337
8,41,3499.139884045786
8,42,3361.1332969220857
8,43,3220.1243300575084
8,44,3078.9170284771108
8,45,2939.463982776509
8,46,2803.099517427105
8,47,2670.710134689607
8,48,2542.8590421291096
8,49,2419.87708119801
8,50,2301.9290726784698
8,51,2237.694590858737
8,52,2163.040824683788
8,53,2082.1418486349653
8,54,1997.9839999189055
8,55,1912.6876463228446
8,56,1827.7425475714174
8,57,1744.1799757622182
8,58,1662.6985516508873
8,59,1583.7562087317458
8,60,1507.668814653745
8,61,1483.3791922176194
8,62,1446.6109075998215
8,63,1401.6576563147673
8,64,1351.6149527765226
8,65,1298.7036163688222
8,66,1244.5064445715648
8,67,1190.1413449464933
8,68,1136.1914550798476
8,69,1083.4497361685126
8,70,1032.2854272767318
8,71,1031.8572907576322
8,72,1018.1165729374336
8,73,995.2024067882885
8,74,966.1421208659428
8,75,933.1425423740681
8,76,897.6905254230059
8,77,861.0921781208261
8,78,824.1030522200713
8,79,787.3378331689374
8,80,751.2542723780142
8,81,765.0386584034662
8,82,764.3728024229591
8,83,753.6671706216468
8,84,736.1233341806842
8,85,714.0592976416176
8,86,689.147572043953
8,87,662.5893805979481
8,88,635.2421165663837
8,89,607.7125847968443
8,90,580.4251997680288
8,91,602.7247347626688
8,92,610.1553199521217
8,93,607.4282187699656
8,94,597.6006094624926
8,95,582.9127202955112
8,96,565.0016727766285
8,97,545.0595673305099
8,98,523.9503388374955
8,99,502.29612492708225
8,100,480.5410912724939
8,101,508.04372319308146
8,102,520.3612675398707
8,103,521.9540468935938
8,104,516.0674814277986
8,105,505.0586595517522
8,106,490.635338781156
8,107,474.0308479776159
8,108,456.13207170993405
8,109,437.573092932475
8,110,418.8036996453348
8,111,449.23040736257497
8,112,464.36945245048526
8,113,468.95659798270185
8,114,466.07102270899765
8,115,457.8190419593632
8,116,446.05872616170547
8,117,431.9034156254475
8,118,416.3334141024414
8,119,399.92716729437024
8,120,383.1923174015209
8,121,366.4201257328531
8,122,349.8467139616412
8,123,333.63361744885447
8,124,317.88833966004796
8,125,302.6793697342673
8,126,288.0471484934402
8,127,274.01583315710116
8,128,260.58942712356827
8,129,247.7608060443937
8,130,235.5212945220183
8,131,275.66757521019616
8,132,299.89135329293833
8,133,312.71802443755195
8,134,317.447270024053
8,135,316.4821939865836
8,136,311.5702187107071
8,137,303.9793901731391
8,138,294.62740417979427
8,139,284.176025904013
8,140,273.10017870392096
8,141,310.4187334012793
8,142,332.59274703748935
8,143,343.55581330980743
8,144,346.575881697226
8,145,344.03192043909405
8,146,337.65282204630523
8,147,328.6922492085394
8,148,318.0565907177626
8,149,306.39859548765844
8,150,294.18588442510935
8,151,279.4765902038539
8,152,265.5027606936612
8,153,252.22762265897813
8,154,239.61624152602923
8,155,227.63542944972775
9,1,19089.3837428613
9,2,19608.701672995656
9,3,19045.348343535385
9,4,18211.115062794244
9,5,17333.96297026581
9,6,16484.454345503083
9,7,15665.096263449343
9,8,14883.218142044534
9,9,14139.765680525945
9,10,13432.977886599816
9,11,21993.655890362304
9,12,23506.721608004358
9,13,23070.79335654547
9,14,22126.50610430859
9,15,21079.399232705244
9,16,20042.1880877822
9,17,19061.640576975034
9,18,18136.300080408808
9,19,17265.177331823063
9,20,16447.84012107419
9,21,15731.758745087476
9,22,14975.25671614206
9,23,14235.008192386393
9,24,13525.667333077628
9,25,12850.065869161634
9,26,12207.755554178373
9,27,11597.4670831926
9,28,11017.621832835619
9,29,10466.748694569987
9,30,9943.413510646937
9,31,9446.242835114592
9,32,8973.930693358861
9,33,8525.234158690919
9,34,8098.972450756372
9,35,7694.023828218554
9,36,7309.322636807626
9,37,6943.856504967245
9,38,6596.663679718883
9,39,6266.830495732938
9,40,5953.488970946291
9,41,5803.605278600902
9,42,5555.249798676002
9,43,5289.323722615658
9,44,5028.207241611063
9,45,4777.744846081221
9,46,4539.125878311012
9,47,4312.24550608854
9,48,4096.654716623255
9,49,3891.828061284569
9,50,3697.239787241769
9,51,3658.901763023927
9,52,3517.422957008557
9,53,3353.286767002559
9,54,3188.943421722407
9,55,3030.4360916750893
9,56,2879.180262105316
9,57,2735.2965199290065
9,58,2598.552995605451
9,59,2468.6363076660505
9,60,2345.2075944837143
9,61,2374.7160812571965
9,62,2297.5158664131764
9,63,2194.3946448414495
9,64,2088.0014564043245
9,65,1987.8813148435543
9,66,1893.9938086597792
9,67,1806.378857754631
9,68,1725.1751407434197
9,69,1650.6440333189798
9,70,1583.2006256447705
9,71,1668.7116923673707
9,72,1797.1419424420276
9,73,1979.8714282359729
9,74,2231.5877544039595
9,75,2533.7944497433664
9,76,2939.481901720686
9,77,3477.4642793006624
9,78,4184.856063067718
9,79,5109.448805996438
9,80,6312.769179285853
9,81,7846.106488982603
9,82,9832.69338849277
9,83,12401.741454414161
9,84,15719.528788989654
9,85,20000.02156196747
9,86,25518.539772578057
9,87,31119.650633537105
9,88,38411.66499914011
9,89,47874.914557223376
9,90,60127.60812018682
9,91,74312.5740617186
9,92,92715.33156937905
9,93,99461.6865349602
9,94,108808.15071770144
9,95,110736.58284479953
9,96,112317.88915055312
9,97,114211.62759065868
9,98,116423.70891812879
9,99,118960.93262811058
9,100,119619.51117220682
9,101,118568.04676857033
9,102,118027.06335369598
9,103,119057.16337305597
9,104,120673.51285602227
9,105,123851.56465052208
9,106,125741.1672667329
9,107,122930.18808049534
9,108,120450.94220831011
9,109,118297.35812398534
9,110,117360.29804715439
9,111,115631.44220508052
9,112,114216.68290342596
9,113,114124.19011779873
9,114,114345.33074622779
9,115,114881.41860062294
9,116,114273.77552707563
9,117,115168.61483087398
9,118,116382.18121389076
9,119,117918.52911960754
9,120,119164.77743511918
9,121,120641.98241780179
9,122,117771.95827364233
9,123,114856.1341061622
9,124,112249.60370309715
9,125,109945.89501680875
9,126,108705.66567640987
9,127,108747.5227496635
9,128,109193.83483928203
9,129,109941.43417691025
9,130,110993.05455703461
9,131,112715.0654469058
9,132,112586.82509560502
9,133,112767.90997252673
9,134,113259.51404284596
9,135,114063.68788594121
9,136,115183.34626186978
9,137,116622.27807136433
9,138,112828.22621948851
9,139,108109.17708766436
9,140,103676.81033228466
9,141,98492.96981567043
9,142,93568.3213248869
9,143,88889.90525864255
9,144,84445.40999571042
9,145,80223.1394959249
9,146,76211.98252112865
9,147,72401.38339507222
9,148,68781.31422531861
9,149,65342.24851405268
9,150,62075.13608835004
9,151,58971.37928393254
9,152,56022.81031973591
9,153,53221.669803749115
9,154,50560.58631356166
9,155,48032.55699788358
10,1,27968.2402417888
10,2,27636.24103709397
10,3,27012.648491296834
10,4,26274.5816056759
10,5,25455.744224304883
10,6,24582.780016641278
10,7,23676.658020378578
10,8,22753.79055735124
10,9,21826.935006837088
10,10,20905.921026799053
10,11,19979.152655223785
10,12,19064.468202775293
10,13,18171.163023838857
10,14,17305.206735031767
10,15,16474.364442900904
10,16,15678.452559004942
10,17,14916.99467172613
10,18,14189.294202128276
10,19,13494.49228239813
10,20,12831.613736623212
10,21,12236.791456357565
10,22,11658.197110607765
10,23,11098.924611522782
10,24,10560.784541379326
10,25,10046.323011323922
10,26,9553.660603334369
10,27,9083.776831795323
10,28,8635.889011250852
10,29,8208.574586651515
10,30,7801.331155778778
10,31,7456.068206956843
10,32,7115.120162584541
10,33,6782.013319663922
10,34,6459.0162101440455
10,35,6147.515028282265
10,36,5849.389431850787
10,37,5563.496820450901
10,38,5289.998127025333
10,39,5028.822961615517
10,40,4779.745704344113
10,41,4585.379084489941
10,42,4387.835423338562
10,43,4191.00033554662
10,44,3997.488120648904
10,45,3809.016591752865
10,46,3626.673207809207
10,47,3451.10394127162
10,48,3282.647228237432
10,49,3121.4288889704585
10,50,2967.4293142669585
10,51,2863.667949027165
10,52,2752.2023330125044
10,53,2637.1435589633707
10,54,2523.5056107029477
10,55,2412.0496458325297
10,56,2301.912596978526
10,57,2195.271990803855
10,58,2091.5199130960573
10,59,1991.218109464088
10,60,1894.696154519118
10,61,1845.0730975735294
10,62,1784.8938974996938
10,63,1718.4541399909513
10,64,1648.7457434588016
10,65,1577.8368310281817
10,66,1507.141663918562
10,67,1437.6124162507463
10,68,1369.8753864986968
10,69,1304.7292243915301
10,70,1241.8729119037866
10,71,1224.856516413287
10,72,1200.0316009522012
10,73,1169.4520506840947
10,74,1131.898511323117
10,75,1090.1770396731256
10,76,1047.6844511083386
10,77,1005.0081677690262
10,78,962.6008034732656
10,79,920.8071586220873
10,80,879.2719777652696
10,81,881.1117187312398
10,82,869.6223074310378
10,83,852.4514045482013
10,84,828.5353954002678
10,85,800.4089905577622
10,86,769.8451004933322
10,87,738.9927998591934
10,88,707.475167437899
10,89,676.4899279831524
10,90,645.7856685340872
10,91,613.9379995934104
10,92,583.5550875133055
10,93,554.6005785342313
10,94,527.029277084496
10,95,500.7906684664014
10,96,475.8313751159699
10,97,452.09685705199513
10,98,429.532577241282
10,99,408.08478870199934
10,100,387.70105473639694
10,101,414.21324271070773
10,102,430.58296134569474
10,103,439.01105290291514
10,104,438.3600976307925
10,105,433.65003746691826
10,106,425.8698341309742
10,107,415.80800941279244
10,108,404.09167270205444
10,109,391.21802517857634
10,110,376.86941949501255
10,111,404.28514370392134
10,112,416.9611742943071
10,113,419.4981101880304
10,114,415.14993584522875
10,115,406.21404491241987
10,116,394.3085044328696
10,117,380.5691492269024
10,118,365.78967754670316
10,119,350.5212225597627
10,120,336.11890530444265
10,121,364.9056276132417
10,122,379.07673287770865
10,123,393.6414400248866
10,124,411.8654891969559
10,125,421.8965700330282
10,126,422.57565814677594
10,127,416.92812995298596
10,128,407.08889555666985
10,129,394.56055014288427
10,130,380.3968792835781
10,131,406.5145343500622
10,132,418.28156944336047
10,133,420.18544461867225
10,134,415.39973743109675
10,135,406.1647053053695
10,136,394.0578228643845
10,137,380.1860935792308
10,138,365.8877845654004
10,139,350.94291325503866
10,140,335.77727483191944
10,141,364.09384739571067
10,142,382.3298370170474
10,143,389.12267006188296
10,144,388.0880665596229
10,145,381.7813710622348
10,146,373.2739406654592
10,147,363.1591490986902
10,148,351.07946343043994
10,149,337.84714149925054
10,150,324.02747845616443
10,151,307.8261045333562
10,152,292.4347993066884
10,153,277.81305934135395
10,154,263.92240637428625
10,155,250.72628605557193
11,1,52436.5705478356
11,2,50778.39806143836
11,3,49222.40732018087
11,4,47795.426725316785
11,5,46383.020886760045
11,6,44987.577974306914
11,7,43611.19563103596
11,8,42255.70489403466
11,9,41010.9747911045
11,10,39873.70686620715
11,11,38599.16876671468
11,12,37348.87638851124
11,13,36123.78496251671
11,14,34924.682961422535
11,15,33752.206970521045
11,16,32668.247579153158
11,17,31605.345719805686
11,18,30564.267925898985
11,19,29545.642518572233
11,20,28549.97200101746
11,21,27435.889474553398
11,22,26360.30453197261
11,23,25322.236933260898
11,24,24320.703589713776
11,25,23354.72155352295
11,26,22423.310701574777
11,27,21525.496137331545
11,28,20660.310333001606
11,29,19826.795032648904
11,30,19024.002935439108
11,31,18196.193418868446
11,32,17403.00023252826
11,33,16643.06446050037
11,34,15915.074715319912
11,35,15217.765882464812
11,36,14549.917866082658
11,37,13910.354339271626
11,38,13297.941501880674
11,39,12711.586848470733
11,40,12147.716737044771
11,41,11584.854249997179
11,42,11047.690555397689
11,43,10535.074907445443
11,44,10045.90673038882
11,45,9579.133514484503
11,46,9132.608534881883
11,47,8705.588246696814
11,48,8298.293376314108
11,49,7908.928594300703
11,50,7536.809211236167
11,51,7179.69101920833
11,52,6838.712899419429
11,53,6513.217126108051
11,54,6202.565872627857
11,55,5906.141346375881
11,56,5623.345818674494
11,57,5353.601563411461
11,58,5096.35071680823
11,59,4851.055069388802
11,60,4617.19580004772
11,61,4397.573251784081
11,62,4187.954190902353
11,63,3987.923497716161
11,64,3797.079408766052
11,65,3615.308014745579
11,66,3441.922006277778
11,67,3276.5632911059224
11,68,3119.102629248362
11,69,2968.961027748977
11,70,2825.8207292177767
11,71,2694.118447692926
11,72,2568.4748575983217
11,73,2448.3250240992134
11,74,2333.7284446500544
11,75,2224.4323941939597
11,76,2119.9581839161224
11,77,2020.3372513743677
11,78,1925.3472694413933
11,79,1835.42078708619
11,80,1750.3209887549356
11,81,1667.2987847202328
11,82,1588.036726337187
11,83,1512.3808202390858
11,84,1440.1818135168576
11,85,1371.2952141475344
11,86,1305.5812880030103
11,87,1242.9050355587442
11,88,1183.1361510965294
11,89,1126.1489669009577
11,90,1071.8223846829092
11,91,1019.4108363941507
11,92,969.5172428475813
11,93,922.0246344785775
11,94,876.8526758958654
11,95,833.8882981468363
11,96,793.0239230283461
11,97,754.1305532041503
11,98,717.1159209806959
11,99,681.891825465417
11,100,648.3739767794651
11,101,622.5563451138355
11,102,597.4553021874005
11,103,573.084982040642
11,104,549.4544651894741
11,105,526.5684094750396
11,106,504.4276164699083
11,107,483.0295395252636
11,108,462.3687389903911
11,109,442.43728963186123
11,110,423.22514482084176
11,111,410.07593762953934
11,112,396.88714244347557
11,113,383.72138186921416
11,114,370.63287142399736
11,115,357.66829889864425
11,116,345.04632279914176
11,117,332.597700325062
11,118,320.8675828480038
11,119,309.2976914688885
11,120,298.06070018052463
11,121,286.72455228092764
11,122,275.6448925977906
11,123,264.8358944888213
11,124,254.3086738379804
11,125,244.0716462752783
11,126,234.1308487574712
11,127,224.73234681147358
11,128,215.84993077261333
11,129,207.20682002244715
11,130,198.80886824619276
11,131,196.33188832255695
11,132,193.32943607158828
11,133,190.61338927647122
11,134,188.1721533212793
11,135,185.99476783401954
11,136,184.07087606469887
11,137,182.39069581629187
11,138,180.13999195103517
11,139,177.4042349885178
11,140,174.2596677648783
11,141,175.38865727322505
11,142,175.6049456641511
11,143,175.02866188638174
11,144,173.76744747252775
11,145,171.917644754166
11,146,169.78489469764827
11,147,167.19648964419287
11,148,164.22413179112607
11,149,160.93168223397723
11,150,157.37592329286633
11,151,152.11555853673784
11,152,146.89127848587495
11,153,141.72102212234552
11,154,136.620113819206
11,155,131.60154350736443
12,1,21079.9619040743
12,2,21399.212846321974
12,3,20951.334017971356
12,4,20310.98207249459
12,5,19561.99574776897
12,6,18704.648899221822
12,7,17824.117535555837
12,8,16957.69124860473
12,9,16121.03184036598
12,10,15320.065243196426
12,11,14772.928643126614
12,12,14133.428808897057
12,13,13558.285245261863
12,14,13054.855864374464
12,15,12633.584714788736
12,16,12308.975761492831
12,17,12100.88641010778
12,18,12036.2451183148
12,19,12151.331520288944
12,20,12494.802703831218
12,21,13005.786782822934
12,22,13862.149186217322
12,23,15167.765928554101
12,24,17060.88515803216
12,25,19190.786866774535
12,26,21587.061735910287
12,27,24282.99963814857
12,28,27316.052018904156
12,29,30728.35207595484
12,30,34567.299962402474
12,31,34863.32065405215
12,32,35397.588522340564
12,33,36189.82223483843
12,34,37262.70840403827
12,35,38642.24742489584
12,36,40358.14379984296
12,37,39992.78457187575
12,38,38741.74957007926
12,39,37150.115428634446
12,40,35681.24466139427
12,41,33897.18242832455
12,42,32202.32330690832
12,43,30592.207141562907
12,44,29062.596784484762
12,45,27609.466945260523
12,46,26228.993597997494
12,47,24917.54391809762
12,48,23671.66672219274
12,49,22488.0833860831
12,50,21363.679216778946
12,51,20322.06875419996
12,52,19323.360328450934
12,53,18368.579086858037
12,54,17457.603915318625
12,55,16589.60296577586
12,56,15763.73135611864
12,57,14980.331875661357
12,58,14237.665831955006
12,59,13534.207180089028
12,60,12868.672948152745
12,61,12264.528324460702
12,62,11703.422727098772
12,63,11187.395069044976
12,64,10719.751053907024
12,65,10305.446865659418
12,66,9951.599673652827
12,67,9668.166295653431
12,68,9468.844867970152
12,69,9372.2722889977
12,70,9403.61397137542
12,71,9565.45186014051
12,72,9925.615125090584
12,73,10372.574709037794
12,74,11105.24860889753
12,75,12209.964254457054
12,76,13801.59295736164
12,77,15588.906089574428
12,78,17596.527662686683
12,79,20414.02419936454
12,80,24298.191574819164
12,81,28035.6980544975
12,82,32205.38121749433
12,83,33184.10083128189
12,84,34437.50804871285
12,85,35992.32143764665
12,86,37878.98025605493
12,87,39328.329887527696
12,88,40422.91050970273
12,89,40746.58157237009
12,90,41347.17115542313
12,91,41525.46269879461
12,92,40466.4690596725
12,93,38903.97321829425
12,94,37167.529465436775
12,95,35544.00226372933
12,96,33873.188870561535
12,97,32227.722611201913
12,98,30638.167993070125
12,99,29130.82004489847
12,100,27701.90955057063
12,101,26316.8140730421
12,102,25000.973369389994
12,103,23750.924700920496
12,104,22563.37846587447
12,105,21435.209542580746
12,106,20363.449065451707
12,107,19345.27661217912
12,108,18378.012781570163
12,109,17459.112142491656
12,110,16586.156535367074
12,111,15783.478180526476
12,112,15006.36742228342
12,113,14261.513658474069
12,114,13550.913442659448
12,115,12874.48915712689
12,116,12231.272687400533
12,117,11619.939171653392
12,118,11039.04645680689
12,119,10487.141356379028
12,120,9962.805680312931
12,121,9464.665396297285
12,122,8991.432126482421
12,123,8541.8605201583
12,124,8114.767494150384
12,125,7709.0291194428655
12,126,7323.577663470722
12,127,6957.398780297186
12,128,6609.5288412823265
12,129,6279.05239921821
12,130,5965.099779257299
12,131,5693.423698636475
12,132,5420.792759183595
12,133,5155.207352426378
12,134,4899.917751539547
12,135,4656.041121293294
12,136,4423.7460887994475
12,137,4202.7884660370555
12,138,3992.753088535146
12,139,3793.162566855764
12,140,3603.525789647536
12,141,3449.398870876438
12,142,3288.7292922648253
12,143,3129.6383929658746
12,144,2975.578014404954
12,145,2827.8960717972873
12,146,2686.998190232422
12,147,2552.8733863981247
12,148,2425.3316899500464
12,149,2304.1112991634823
12,150,2188.926659956363
12,151,2079.480326958545
12,152,1975.5063106106177
12,153,1876.7309950800868
12,154,1782.8944453260824
12,155,1693.7497230597783
13,1,5797.20203570801
13,2,5630.278460557938
13,3,5460.88264982146
13,4,5293.7564980120915
13,5,5129.129389461493
13,6,4967.200278724268
13,7,4808.140260585813
13,8,4652.094953586664
13,9,4499.186709594006
13,10,4358.203580048955
13,11,5055.826761492297
13,12,5667.939789030819
13,13,6201.61795377401
13,14,6663.427954253071
13,15,7059.461888039503
13,16,7395.369070304712
13,17,7676.385814156967
13,18,7907.363299402187
13,19,8159.806497253825
13,20,8434.41500539641
13,21,8544.54291629902
13,22,8619.753200693665
13,23,8663.41818097799
13,24,8678.651621238454
13,25,8668.32662896909
13,26,8635.092386652965
13,27,8581.389786923626
13,28,8509.466040496693
13,29,8421.388321807672
13,30,8319.05651329463
13,31,8101.314028603916
13,32,7883.497636291873
13,33,7666.2171768011995
13,34,7450.018478730546
13,35,7235.388413072877
13,36,7022.75959223527
13,37,6812.514737269717
13,38,6600.383530083575
13,39,6387.551364645135
13,40,6175.048350504831
13,41,5927.3141161087715
13,42,5686.596993317146
13,43,5453.018651359887
13,44,5226.653093822134
13,45,5007.532701158608
13,46,4795.65364906983
13,47,4590.980762284206
13,48,4393.451857819091
13,49,4202.981626816111
13,50,4019.4650995171382
13,51,3833.7748342812265
13,52,3656.0241792099946
13,53,3485.934505267756
13,54,3323.2306999410216
13,55,3167.641907926199
13,56,3018.9021541296815
13,57,2876.7508619622076
13,58,2740.933278635675
13,59,2611.20081801557
13,60,2487.3113305350425
13,61,2367.201107491318
13,62,2252.7219253732733
13,63,2143.6251855145574
13,64,2039.6718192847015
13,65,1940.6320667783018
13,66,1846.2852441129326
13,67,1756.4195018815597
13,68,1670.8315770040194
13,69,1589.3265399513007
13,70,1511.7175390730395
13,71,1437.6558911996779
13,72,1367.3293345306704
13,73,1300.3821567607072
13,74,1236.657440451064
13,75,1176.0050535024047
13,76,1118.2814032146757
13,77,1063.3491944312425
13,78,1011.1842151759043
13,79,961.6485369731239
13,80,914.6111368641587
13,81,870.1238501828578
13,82,827.887036509022
13,83,787.6503581813708
13,84,749.3236385022958
13,85,712.8548691650562
13,86,678.1217659869453
13,87,645.0452696230875
13,88,613.5495939870996
13,89,583.5621224025364
13,90,555.0133036830997
13,91,527.638612222709
13,92,501.59956964764655
13,93,476.83230505416293
13,94,453.27588486813033
13,95,430.8721885255319
13,96,409.5941390559804
13,97,389.3855688189977
13,98,370.19312096489625
13,99,351.9661089458237
13,100,334.6563830523174
13,101,318.15491996777206
13,102,302.4833885148835
13,103,287.6003941400948
13,104,273.4666141601156
13,105,260.044694213403
13,106,247.2991498900131
13,107,235.19627328092562
13,108,223.70404420088616
13,109,212.79204585111285
13,110,202.43138469989387
13,111,192.97775183734603
13,112,184.0108272817469
13,113,175.5065701776894
13,114,167.4421478982954
13,115,159.7958757636904
13,116,152.54715977628214
13,117,145.595664741776
13,118,139.00593758103565
13,119,132.7601879559356
13,120,126.7647256537428
13,121,120.85779584849539
13,122,115.20825756349564
13,123,109.80658126009247
13,124,104.64341995327956
13,125,99.74528723468732
13,126,95.0990759558852
13,127,90.65516256972515
13,128,86.40607329664928
13,129,82.37539553319085
13,130,78.55233380183418
13,131,75.28973339294083
13,132,72.20422834639731
13,133,69.28725716626614
13,134,66.5306925901225
13,135,63.92682000671159
13,136,61.46831695543923
13,137,59.14823365366081
13,138,56.95997450043718
13,139,54.897280507993386
13,140,52.868614398704906
13,141,51.14236084264365
13,142,49.42170837396454
13,143,47.713479558255514
13,144,46.02353080226889
13,145,44.35685566455209
13,146,42.71767816031023
13,147,41.109536986729715
13,148,39.53536151119795
13,149,37.99754028854796
13,150,36.54582801094158
13,151,34.989109289634754
13,152,33.486416108620126
13,153,32.03714250571113
13,154,30.640528429125645
13,155,29.295683668083825
14,1,4122.75792898099
14,2,4141.338425659637
14,3,4083.7092358065734
14,4,3978.8998654171405
14,5,3846.0399729278784
14,6,3697.6845663012455
14,7,3542.0248216793243
14,8,3384.357862251297
14,9,3228.063766439931
14,10,3075.2549033232317
14,11,2921.49215815707
14,12,2775.4175502492167
14,13,2636.6466727367556
14,14,2504.8143390999176
14,15,2379.573622144922
14,16,2260.5949410376757
14,17,2147.565193985792
14,18,2040.1869342865025
14,19,1938.1775875721773
14,20,1841.2687081935685
14,21,1749.20527278389
14,22,1661.7450091446954
14,23,1578.6577586874607
14,24,1499.7248707530875
14,25,1424.7386272154333
14,26,1353.5016958546616
14,27,1285.8266110619286
14,28,1221.535280508832
14,29,1160.4585164833904
14,30,1102.435590659221
14,31,1047.31381112626
14,32,994.9481205699468
14,33,945.2007145414495
14,34,897.9406788143771
14,35,853.0436448736582
14,36,810.3914626299725
14,37,769.8718894984708
14,38,731.3782950235435
14,39,694.8093802723622
14,40,660.0689112587393
14,41,627.0654656958023
14,42,595.7121924110122
14,43,565.9265827904616
14,44,537.6302536509385
14,45,510.74874096839153
14,46,485.21130391997195
14,47,460.95073872397336
14,48,437.90320178777466
14,49,416.00804169838597
14,50,395.20763961346665
14,51,375.4472576327933
14,52,356.6748947511536
14,53,338.84115001359595
14,54,321.8990925129161
14,55,305.8041378872703
14,56,290.5139309929068
14,57,275.98823444333
14,58,262.1888227212422
14,59,249.07938158527057
14,60,236.62541250611093
14,61,224.79414188080622
14,62,213.55443478676685
14,63,202.8767130474296
14,64,192.73287739505938
14,65,183.09623352530784
14,66,173.94142184904408
14,67,165.24435075659375
14,68,156.98213321876622
14,69,149.1330265578304
14,70,141.6763752299417
14,71,134.59255646844463
14,72,127.8629286450224
14,73,121.46978221277128
14,74,115.3962931021327
14,75,109.62647844702607
14,76,104.14515452467477
14,77,98.93789679844103
14,78,93.99100195851898
14,79,89.29145186059303
14,80,84.82687926756337
14,81,80.5855353041852
14,82,76.55625853897594
14,83,72.72844561202714
14,84,69.09202333142578
14,85,65.6374221648545
14,86,62.35555105661177
14,87,59.237773503781185
14,88,56.275884828592126
14,89,53.462090587162514
14,90,50.78898605780439
14,91,48.24953675491417
14,92,45.83705991716846
14,93,43.54520692131003
14,94,41.36794657524453
14,95,39.2995492464823
14,96,37.334571784158186
14,97,35.46784319495028
14,98,33.69445103520276
14,99,32.00972848344262
14,100,30.40924205927049
14,101,28.888779956306966
14,102,27.444340958491615
14,103,26.072123910567036
14,104,24.768517715038683
14,105,23.53009182928675
14,106,22.35358723782241
14,107,21.235907875931293
14,108,20.174112482134728
14,109,19.165406858027993
14,110,18.207136515126592
14,111,17.29677968937026
14,112,16.43194070490175
14,113,15.610343669656661
14,114,14.829826486173827
14,115,14.088335161865135
14,116,13.383918403771878
14,117,12.714722483583284
14,118,12.07898635940412
14,119,11.475037041433913
14,120,10.901285189362216
14,121,10.356220929894105
14,122,9.8384098833994
14,123,9.34648938922943
14,124,8.879164919767957
14,125,8.43520667377956
14,126,8.013446340090582
14,127,7.612774023086052
14,128,7.232135321931749
14,129,6.870528555835162
14,130,6.527002128043404
14,131,6.2006520216412335
14,132,5.8906194205591715
14,133,5.596088449531213
14,134,5.316284027054652
14,135,5.05046982570192
14,136,4.797946334416824
14,137,4.558049017695983
14,138,4.330146566811184
14,139,4.113639238470625
14,140,3.9079572765470934
14,141,3.7125594127197385
14,142,3.5269314420837516
14,143,3.350584869979564
14,144,3.1830556264805856
14,145,3.0239028451565564
14,146,2.8727077028987282
14,147,2.729072317753792
14,148,2.5926187018661024
14,149,2.4629877667727973
14,150,2.339838378434157
14,151,2.2228464595124495
14,152,2.1117041365368268
14,153,2.0061189297099857
14,154,1.9058129832244863
14,155,1.810522334063262
15,1,138949.445688698
15,2,138397.00577561316
15,3,138070.43386169442
15,4,138532.26344116792
15,5,137085.47161589286
15,6,134308.18511710502
15,7,130626.05425026284
15,8,126351.5106591754
15,9,121712.96391255737
15,10,116876.513133967
15,11,111158.53843408673
15,12,105705.08039163706
15,13,100506.54598872454
15,14,95553.2046430855
15,15,90835.29995117827
15,16,86343.13802757843
15,17,82067.15663789294
15,18,77997.97859825501
15,19,74123.50943378125
15,20,70438.44321038309
15,21,67159.02647688141
15,22,64002.37890800454
15,23,60952.02995629991
15,24,58015.85733379444
15,25,55197.96755033501
15,26,52499.74906674159
15,27,49920.65145448347
15,28,47471.931307911706
15,29,45137.60878746523
15,30,42913.329732804224
15,31,41012.1407938987
15,32,39164.474566578334
15,33,37374.71200660154
15,34,35631.31151552544
15,35,33953.7866139409
15,36,32342.46144689041
15,37,30797.029266788897
15,38,29310.515827278246
15,39,27884.67352564296
15,40,26523.38111418454
15,41,25201.299243983376
15,42,23944.62705447445
15,43,22749.919924632268
15,44,21614.30195022452
15,45,20535.145798629284
15,46,19509.548364459315
15,47,18534.933878922904
15,48,17608.829206895556
15,49,16728.86541085836
15,50,15892.777522560285
15,51,15336.966669509002
15,52,14768.369477989545
15,53,14194.519277027737
15,54,13621.40143654191
15,55,13053.729767920566
15,56,12485.411691509615
15,57,11923.911205451033
15,58,11374.416598475054
15,59,10840.441277803951
15,60,10324.269872797726
15,61,10045.256457152127
15,62,9719.47049232227
15,63,9364.795750078805
15,64,8994.242256660114
15,65,8617.208746626535
15,66,8240.42118977798
15,67,7868.630353368264
15,68,7508.5939438778805
15,69,7160.885525982568
15,70,6825.852683629192
15,71,6727.355508050151
15,72,6662.214539452406
15,73,6608.738650295495
15,74,6510.42659665154
15,75,6357.606176698854
15,76,6183.084893155208
15,77,5980.589763314173
15,78,5760.914656572108
15,79,5554.683290991278
15,80,5337.819015674059
15,81,5344.422862485971
15,82,5280.681848772809
15,83,5168.036972616054
15,84,5022.268700898974
15,85,4854.954647077836
15,86,4674.553654354459
15,87,4487.211945921838
15,88,4297.362513493863
15,89,4108.1706944810485
15,90,3921.8653319134337
15,91,3962.497748654536
15,92,3960.8788509596648
15,93,3925.9545304930753
15,94,3865.0624022581865
15,95,3772.551047272862
15,96,3658.8753681641424
15,97,3531.6957934575985
15,98,3396.5995638987556
15,99,3257.6370744286623
15,100,3117.720632318513
15,101,3199.899485252361
15,102,3217.024785094775
15,103,3187.95102977418
15,104,3126.595926332474
15,105,3043.2097113628206
15,106,2945.319250316825
15,107,2838.4301860454607
15,108,2726.5490890370784
15,109,2621.1932996602254
15,110,2513.176553493015
15,111,2629.5358146617396
15,112,2678.1204820281237
15,113,2678.1801827527242
15,114,2643.9416728856368
15,115,2585.899440698644
15,116,2511.7756781479343
15,117,2427.234274096799
15,118,2336.4118110050176
15,119,2242.312422910882
15,120,2147.101376392688
15,121,2276.610009134412
15,122,2339.0061026393423
15,123,2353.168383414843
15,124,2333.0577281592573
15,125,2288.9803781041705
15,126,2228.527558245502
15,127,2157.2743524238526
15,128,2079.299474838085
15,129,1997.571798082538
15,130,1914.2377571362601
15,131,2059.2853648764476
15,132,2135.4461613567933
15,133,2161.9429014437346
15,134,2152.997928198705
15,135,2119.1172476281745
15,136,2068.0456818312828
15,137,2005.4773143985997
15,138,1935.583882672877
15,139,1861.4077314309234
15,140,1785.1540087707945
15,141,1931.3156454590082
15,142,2077.46719976374
15,143,2223.835413787144
15,144,2370.6427059037364
15,145,2518.107604361484
15,146,2666.445165942685
15,147,2815.8673806406036
15,148,2966.583563266473
15,149,3118.8007328624435
15,150,3272.7239807591536
15,151,3580.4991928648565
15,152,3887.4993981107273
15,153,4054.727150882692
15,154,4224.80320041906
15,155,4290.9354712660015
16,1,57495.0482845425
16,2,56831.95930024044
16,3,55744.210435158995
16,4,54474.60553957098
16,5,53064.05941091727
16,6,51547.154683916895
16,7,49953.035819860954
16,8,48306.18062319997
16,9,46565.55329134529
16,10,44772.29821432715
16,11,42752.364969771355
16,12,40788.16128254811
16,13,38886.27096550412
16,14,37051.00899066606
16,15,35284.936438868404
16,16,33589.266589829356
16,17,31964.184799851057
16,18,30409.100120692445
16,19,28922.84289139914
16,20,27503.819583785044
16,21,26191.128395826494
16,22,24931.134310481113
16,23,23723.880526172692
16,24,22568.853724318054
16,25,21465.12664709417
16,26,20411.46979267013
16,27,19411.16216321694
16,28,18456.674882179082
16,29,17546.58530397866
16,30,16679.36216234519
16,31,15908.09236966691
16,32,15162.407515326675
16,33,14443.714912525827
16,34,13752.795390861167
16,35,13089.949736919682
16,36,12455.113983745745
16,37,11847.95003936039
16,38,11267.916798950304
16,39,10714.32581841823
16,40,10186.384781013763
16,41,9677.709375494298
16,42,9194.33446670984
16,43,8735.022617446624
16,44,8298.592551713607
16,45,7883.917528783403
16,46,7489.923553836025
16,47,7115.587484027215
16,48,6759.935075377067
16,49,6422.039005290324
16,50,6101.016897185721
16,51,5856.862102521358
16,52,5616.712349628956
16,53,5377.662560468805
16,54,5141.915594304153
16,55,4911.0967909429655
16,56,4686.379593644554
16,57,4468.584864265576
16,58,4258.259351542773
16,59,4055.737642244582
16,60,3861.1910279475583
16,61,3730.1382734299114
16,62,3592.8027496840427
16,63,3452.1555244108627
16,64,3310.46912757366
16,65,3169.466325045966
16,66,3030.437887297502
16,67,2894.3357815861677
16,68,2761.846884909117
16,69,2633.4512593386517
16,70,2509.468194280986
16,71,2446.1445320045063
16,72,2373.122055122274
16,73,2293.5487588925293
16,74,2209.863986523313
16,75,2131.417203402122
16,76,2057.982337587959
16,77,1989.345838872607
16,78,1925.3060941105996
16,79,1857.1348343200966
16,80,1786.5566702217081
16,81,1707.6251901510716
16,82,1630.4882389217883
16,83,1555.5015634403671
16,84,1483.383588631226
16,85,1414.109500739563
16,86,1347.6397484120585
16,87,1283.616689100068
16,88,1222.0994846351944
16,89,1163.299349433894
16,90,1107.1287591752555
16,91,1113.4480472335474
16,92,1106.6844956033942
16,93,1090.1349894533232
16,94,1066.3845218543254
16,95,1037.455027287428
16,96,1004.9233330230311
16,97,970.0146246521592
16,98,933.676497835813
16,99,896.637618246118
16,100,859.454178958374
16,101,881.2291304519566
16,102,888.5125686594694
16,103,884.8034417474735
16,104,872.8514553662351
16,105,854.8134138628889
16,106,832.3771364628619
16,107,806.8596635211609
16,108,779.2850777630865
16,109,750.4461630273931
16,110,720.953248823925
16,111,747.480511701993
16,112,759.7284018950699
16,113,761.0921610124103
16,114,754.2422450769802
16,115,741.2754536704774
16,116,723.834720418899
16,117,703.2040546674868
16,118,680.383780657852
16,119,656.1501551028847
16,120,631.1025991857354
16,121,661.8260353780789
16,122,678.1216365673948
16,123,683.3793687848936
16,124,683.0988486395388
16,125,675.8174457046166
16,126,665.2802471461872
16,127,650.4563980542315
16,128,632.5566276209453
16,129,612.5248744691523
16,130,591.0943207814934
16,131,624.3105607511613
16,132,642.8724008285219
16,133,650.2022337022264
16,134,648.9945701788135
16,135,641.3676830620998
16,136,628.9838121330307
16,137,613.1444405130397
16,138,594.8658049438095
16,139,574.9387337565615
16,140,553.9760587832678
16,141,588.1130357617532
16,142,607.743157448361
16,143,616.2413679413766
16,144,616.2653966580965
16,145,609.9051518364262
16,146,598.8011430785139
16,147,584.238346249878
16,148,567.2205963753388
16,149,548.5295413348701
16,150,528.7713542673171
16,151,503.2980603615699
16,152,478.89861947293304
16,153,455.5606999679336
16,154,433.2640250641741
16,155,411.9825423660127
17,1,12323.1347772664
17,2,12399.641178485079
17,3,12085.816227477068
17,4,11672.230678624244
17,5,11172.910870727324
17,6,10666.77064333772
17,7,10166.137672598652
17,8,9678.203083182107
17,9,9206.98283108852
17,10,8754.538229530706
17,11,8988.145249609533
17,12,8956.911893094892
17,13,8975.320503285528
17,14,9098.135507841202
17,15,9343.92991678283
17,16,9735.723002818357
17,17,10301.972181097595
17,18,11077.789581152985
17,19,12106.434037663614
17,20,13441.140687393585
17,21,14853.250935794775
17,22,16665.569060953843
17,23,18964.441413648186
17,24,21855.923015724944
17,25,25470.219597374162
17,26,29967.13359819809
17,27,35542.74090211927
17,28,41157.8962201168
17,29,46824.94692855412
17,30,53953.71029441178
17,31,55310.526066737635
17,32,56781.953608364296
17,33,58370.472695932986
17,34,60078.80858368265
17,35,61909.93635555942
17,36,63867.085807890086
17,37,65362.55273714085
17,38,66485.01709899373
17,39,67378.46437981448
17,40,67932.1549643601
17,41,67529.67925353104
17,42,67823.70175548957
17,43,67400.99535997621
17,44,67133.00582539025
17,45,67579.17117426157
17,46,68862.08430879713
17,47,70975.08242972431
17,48,72104.92019261715
17,49,72595.17740005323
17,50,70775.63095199416
17,51,67236.84940439444
17,52,63875.006934174715
17,53,60681.25658746598
17,54,57647.193758092675
17,55,54764.834070188044
17,56,52026.59236667864
17,57,49425.26274834471
17,58,46953.99961092747
17,59,44606.299630381094
17,60,42375.98464886204
17,61,40287.29886268914
17,62,38309.84999333731
17,63,36439.612908520576
17,64,34673.11087615932
17,65,33007.46656410746
17,66,31440.468204911896
17,67,29970.654169175432
17,68,28597.419932927398
17,69,27298.48583974125
17,70,26094.077097706075
17,71,24993.320031292857
17,72,23993.672397716135
17,73,23100.48629514673
17,74,22321.197286867562
17,75,21665.751334735774
17,76,21147.130362979173
17,77,20781.99862361642
17,78,20591.49704874961
17,79,20602.218921317486
17,80,20847.407730435672
17,81,21232.314153251107
17,82,21920.397086155048
17,83,22652.812311239286
17,84,23761.65025950396
17,85,24915.9128457276
17,86,26117.867832104
17,87,27369.873847451414
17,88,29137.109038062044
17,89,30957.090268876393
17,90,33426.30984477589
17,91,36077.622235772855
17,92,39572.85064604292
17,93,44090.386476832544
17,94,49849.532208305114
17,95,56378.3474075618
17,96,59014.661241978036
17,97,61669.97550023365
17,98,65374.061010560275
17,99,66062.51467627173
17,100,66894.61771092839
17,101,67335.96707589846
17,102,67128.35458858141
17,103,67644.78281286756
17,104,68814.84235490073
17,105,69822.66525318609
17,106,70553.23322331414
17,107,70744.50244813802
17,108,71027.24669670581
17,109,71235.38145381404
17,110,69335.31009576237
17,111,66881.36241946026
17,112,64762.60664603208
17,113,63026.586720585685
17,114,61716.6945323202
17,115,60888.27760514784
17,116,60611.232205228414
17,117,60973.18761501331
17,118,61965.10741400869
17,119,63089.25728614287
17,120,64347.2079005979
17,121,65082.1701340094
17,122,64177.029707043235
17,123,63603.30462777307
17,124,63630.009237240454
17,125,64223.4621957961
17,126,65358.43789601512
17,127,67009.34231580373
17,128,66179.02044608018
17,129,64289.25233240071
17,130,61702.06856139272
17,131,58616.96513332309
17,132,55686.11687665693
17,133,52901.81103282409
17,134,50256.72048118288
17,135,47743.884457123735
17,136,45356.690234267546
17,137,43088.855722554166
17,138,40934.41293642646
17,139,38887.69228960513
17,140,36943.307675124874
17,141,35126.215590237785
17,142,33388.63746859149
17,143,31727.48542993851
17,144,30144.77084541284
17,145,28639.149884783492
17,146,27207.90736162977
17,147,25847.828010768048
17,148,24555.57628984078
17,149,23327.859213736865
17,150,22161.49354141757
17,151,21082.713854966245
17,152,20059.191427415364
17,153,19069.762919261862
17,154,18122.2555032408
17,155,17218.78621071314
18,1,4033.27527451952
18,2,4129.081331375108
18,3,3963.0831604054447
18,4,3770.4310041866493
18,5,3582.6577262223173
18,6,3403.6266049365213
18,7,3233.462065918873
18,8,3071.7918792594373
18,9,2918.202791916227
18,10,2772.292740320268
18,11,2647.6742480817034
18,12,2517.721666025461
18,13,2392.257870065608
18,14,2272.718327873532
18,15,2159.095152602612
18,16,2051.142608105504
18,17,1948.585862121435
18,18,1851.1566357893266
18,19,1758.5988155984976
18,20,1670.6688764968956
18,21,1587.1354326720507
18,22,1507.778661038448
18,23,1432.3897279865257
18,24,1360.7702415871993
18,25,1292.7317295078394
18,26,1228.0951430324474
18,27,1166.690385880825
18,28,1108.3558665867838
18,29,1052.9380732574446
18,30,1000.2911695945722
18,31,950.2766111148437
18,32,902.7627805591015
18,33,857.6246415311464
18,34,814.743409454589
18,35,774.0062389818596
18,36,735.3059270327666
18,37,698.5406306811283
18,38,663.6135991470718
18,39,630.4329191897183
18,40,598.9112732302324
18,41,579.8777430033172
18,42,552.6843413698597
18,43,525.3472044116237
18,44,499.12886240923484
18,45,474.1805072947749
18,46,450.47258189885235
18,47,427.94910239966873
18,48,406.5516676247085
18,49,386.22408701039626
18,50,366.91288303617796
18,51,359.4405136593228
18,52,343.26257831421935
18,53,326.41108289019513
18,54,310.14194827181365
18,55,294.64333508003415
18,56,279.91232218019877
18,57,265.9168629953554
18,58,252.62104118727427
18,59,239.98999203037997
18,60,227.9904929077684
18,61,227.47792575708002
18,62,217.9003774558515
18,63,207.31738422833578
18,64,197.0057138715036
18,65,187.16484251896975
18,66,177.80823566406013
18,67,168.91810792743658
18,68,160.47225186995558
18,69,152.44864641579534
18,70,144.82621506595547
18,71,148.4777547311514
18,72,142.85118731364528
18,73,136.02082248738228
18,74,129.2740095545103
18,75,122.81972851364782
18,76,116.68037824414853
18,77,110.84664353227012
18,78,105.30436072125376
18,79,100.03914982839298
18,80,95.03719330844878
18,81,90.28533364302635
18,82,85.77106696087503
18,83,81.48251361283128
18,84,77.40838793218971
18,85,73.53796853558023
18,86,69.86107010880121
18,87,66.36801660336116
18,88,63.049615773193096
18,89,59.89713498453344
18,90,56.90227823530676
18,91,65.00946802694618
18,92,63.24850792926191
18,93,60.34481099364509
18,94,57.37251157761183
18,95,54.51169227364607
18,96,51.787463609916465
18,97,49.19832595792743
18,98,46.73844852223468
18,99,44.40153250838654
18,100,42.1814569409907
18,101,40.07238409394117
18,102,38.06876488924411
18,103,36.1653266447819
18,104,34.3570603125428
18,105,32.639207296915664
18,106,31.00724693206988
18,107,29.456884585466387
18,108,27.984040356193066
18,109,26.584838338383413
18,110,25.25559642146424
18,111,23.99281660039103
18,112,22.793175770371477
18,113,21.653516981852903
18,114,20.570841132760258
18,115,19.542299076122244
18,116,18.565184122316133
18,117,17.636924916200325
18,118,16.755078670390308
18,119,15.917324736870793
18,120,15.121458500027252
18,121,14.36538557502589
18,122,13.647116296274595
18,123,12.964760481460866
18,124,12.316522457387823
18,125,11.700696334518431
18,126,11.115661517792509
18,127,10.559878441902883
18,128,10.031884519807738
18,129,9.530290293817352
18,130,9.053775779126484
18,131,8.60108699017016
18,132,8.171032640661652
18,133,7.762481008628569
18,134,7.37435695819714
18,135,7.005639110287284
18,136,6.655357154772919
18,137,6.322589297034273
18,138,6.00645983218256
18,139,5.706136840573431
18,140,5.420829998544759
18,141,5.1497884986175215
18,142,4.892299073686646
18,143,4.647684120002313
18,144,4.415299914002197
18,145,4.194534918302088
18,146,3.984808172386983
18,147,3.785567763767634
18,148,3.596289375579252
18,149,3.4164749068002895
18,150,3.245651161460275
18,151,3.083368603387261
18,152,2.929200173217898
18,153,2.782740164557003
18,154,2.643603156329153
18,155,2.5114229985126952
19,1,13235.2839171154
19,2,13355.90977686898
19,3,13155.201151224315
19,4,12842.71170293964
19,5,12455.800152169877
19,6,11985.378893084582
19,7,11477.074091298702
19,8,10957.525980026172
19,9,10442.070120220429
19,10,9939.32161640916
19,11,9545.465565101995
19,12,9129.74897446633
19,13,8710.010868251818
19,14,8296.449682316983
19,15,7894.724994615353
19,16,7507.808129343875
19,17,7137.085895398876
19,18,6783.018499624683
19,19,6445.531353343912
19,20,6124.248061560893
19,21,5965.3752058948585
19,22,5755.068155405085
19,23,5519.827888388398
19,24,5282.654207614014
19,25,5041.6956722794
19,26,4803.4458711679445
19,27,4571.533062163548
19,28,4347.8873213341085
19,29,4133.43670989781
19,30,3928.522295917272
19,31,3877.7018547673297
19,32,3770.743349195578
19,33,3634.101354274268
19,34,3483.3777045660204
19,35,3327.704725886983
19,36,3172.361545802544
19,37,3020.3355760697327
19,38,2873.2542854779635
19,39,2731.9410576664613
19,40,2596.7466482011882
19,41,2613.1118680095506
19,42,2569.7391982834706
19,43,2493.3601438029127
19,44,2399.8005561566356
19,45,2298.382254816493
19,46,2194.5504627768787
19,47,2091.442070096658
19,48,1990.8215874756227
19,49,1894.2015462591448
19,50,1801.6507003520662
19,51,1858.4135715406667
19,52,1853.1596004687372
19,53,1812.838644825847
19,54,1753.4419161397411
19,55,1684.4232068552005
19,56,1611.3381182663409
19,57,1537.4194471901023
19,58,1464.517471028333
19,59,1393.6610882069647
19,60,1325.392619762455
19,61,1405.9927135905111
19,62,1423.3743036262442
19,63,1404.5512801969412
19,64,1365.5740941630438
19,65,1315.9518651065334
19,66,1261.292187815237
19,67,1204.876914255001
19,68,1148.6027220330752
19,69,1093.5424690654431
19,70,1040.280165843182
19,71,1135.391475137415
19,72,1166.4557159796202
19,73,1160.5697174962877
19,74,1133.8459936489155
19,75,1095.8426368968526
19,76,1052.2078039814485
19,77,1006.258321243251
19,78,959.9219669352736
19,79,916.1847662272273
19,80,874.9368072869324
19,81,831.1899669225859
19,82,789.6304685764566
19,83,750.1489451476336
19,84,712.6414978902519
19,85,677.0094229957393
19,86,643.1589518459523
19,87,611.0010042536547
19,88,580.450954040972
19,89,551.4284063389234
19,90,523.8569860219773
19,91,649.0515355936961
19,92,706.9772359410834
19,93,725.5842055888916
19,94,721.5166266820297
19,95,704.6711392773599
19,96,680.9180976393626
19,97,653.7260604069394
19,98,625.1315163733706
19,99,596.3177206698088
19,100,567.960174365037
19,101,539.562165646785
19,102,512.5840573644458
19,103,486.9548544962235
19,104,462.6071117714123
19,105,439.4767561828417
19,106,417.50291837369963
19,107,396.6277724550146
19,108,376.79638383226387
19,109,357.9565646406507
19,110,340.05873640861813
19,111,474.42917745727857
19,112,541.0776251722622
19,113,567.974578146594
19,114,571.7844972763324
19,115,562.4238352906455
19,116,545.7820955643565
19,117,525.3462236529701
19,118,503.1702924918199
19,119,480.4543317400634
19,120,457.88981981514246
19,121,582.1383125186525
19,122,640.8757581581973
19,123,673.7665220977284
19,124,678.8441234457642
19,125,668.0451759628706
19,126,648.4594426022957
19,127,624.2849361584092
19,128,599.1679551857487
19,129,572.8496251301116
19,130,546.8978819201443
19,131,666.4383273675458
19,132,720.8069587065835
19,133,737.1178677525811
19,134,731.5156747828041
19,135,713.5983501931215
19,136,689.0575327956917
19,137,661.2546989229061
19,138,632.1620395086592
19,139,602.9240726257696
19,140,574.1928396447295
19,141,692.16143374985
19,142,814.6457529119167
19,143,867.6976226035077
19,144,880.3018834036328
19,145,869.7123069658406
19,146,846.1817257037851
19,147,815.7857947680791
19,148,782.1086587733165
19,149,747.2491816196047
19,150,712.4215581422419
19,151,676.8004802351298
19,152,642.9604562233733
19,153,610.8124334122047
19,154,580.2718117415944
19,155,551.2582211545147
20,1,1716.46804251988
20,2,1895.458711959237
20,3,1921.7058070666403
20,4,1880.9266707456602
20,5,1812.155249601162
20,6,1733.0981220846065
20,7,1651.721856158697
20,8,1571.5481019122547
20,9,1494.0731355392438
20,10,1419.8732932585106
20,11,2805.353172145135
20,12,3330.693922940022
20,13,3983.190374562359
20,14,4791.848683164411
20,15,5792.376085535967
20,16,7028.724740109056
20,17,8554.991461218391
20,18,10437.755378117718
20,19,11953.732558301803
20,20,12566.254514428241
20,21,12249.401980321883
20,22,11834.864833077156
20,23,11333.576950382812
20,24,10808.23620190817
20,25,10286.715903076096
20,26,9784.38566333014
20,27,9309.939216092993
20,28,8862.62022989942
20,29,8441.857216163378
20,30,8047.288176597572
20,31,7666.280129029299
20,32,7309.245125110239
20,33,6955.7923730120365
20,34,6613.491097761324
20,35,6285.324715807009
20,36,5973.697077942963
20,37,5677.788029064288
20,38,5396.818774490507
20,39,5130.049830283146
20,40,4876.779077001044
20,41,4634.700374775278
20,42,4405.131345660197
20,43,4187.54002860913
20,44,3981.442617589078
20,45,3786.4060227096275
20,46,3602.05144862215
20,47,3425.1045957300494
20,48,3255.2915297728728
20,49,3094.301535876215
20,50,2941.7700829618425
20,51,2796.2878085018087
20,52,2658.1631717085556
20,53,2527.3342549671042
20,54,2403.5260493077617
20,55,2286.041296300015
20,56,2175.0511830926416
20,57,2070.3739803911953
20,58,1971.8700074872809
20,59,1879.4471275982182
20,60,1793.0677197254709
20,61,1711.7087637152028
20,62,1636.3296216149172
20,63,1559.1774178452333
20,64,1484.1826951841515
20,65,1411.8572766258587
20,66,1342.4615144402471
20,67,1276.8114722932455
20,68,1214.783466492634
20,69,1156.274657863192
20,70,1101.2053887274633
20,71,1048.7753842195284
20,72,999.5731560029953
20,73,953.5770618965083
20,74,910.7987534267347
20,75,871.2889359165245
20,76,835.1445519789643
20,77,802.5177117271123
20,78,773.6267677713587
20,79,748.7700250592466
20,80,728.3426887861631
20,81,710.6561283732736
20,82,698.1712932941181
20,83,691.6232573626771
20,84,691.9397251008256
20,85,700.2842733068148
20,86,718.1096177957721
20,87,747.2232132148473
20,88,789.8680259521617
20,89,801.2184207490187
20,90,823.720790805807
20,91,848.047366313226
20,92,886.2582708137711
20,93,941.1399894734244
20,94,1016.1419849222739
20,95,1115.5284789283219
20,96,1244.5652714786906
20,97,1376.760511659374
20,98,1512.4560120262631
20,99,1652.0024807242007
20,100,1834.1681425607183
20,101,1981.5445522802665
20,102,2133.9845519899113
20,103,2291.881447534905
20,104,2502.8729046874532
20,105,2720.245236517897
20,106,3005.6988844702587
20,107,3298.796077333472
20,108,3600.2942816820346
20,109,3910.972352240361
20,110,4231.632544072178
20,111,4475.149075685458
20,112,4730.154884976553
20,113,4997.306093483013
20,114,5277.290007107424
20,115,5570.82688440214
20,116,5878.671789469925
20,117,6201.616534247291
20,118,6540.491715166834
20,119,6896.168849437258
20,120,7391.424873460792
20,121,7762.221910742301
20,122,8152.978246769369
20,123,8564.697872436422
20,124,9144.695964830395
20,125,9928.091855881308
20,126,10958.283326261582
20,127,11880.696323529226
20,128,12604.372582344788
20,129,12964.262132794054
20,130,13142.320374694622
20,131,12622.13496613474
20,132,12053.605506677908
20,133,11479.52305234842
20,134,10918.616103930013
20,135,10378.657925052463
20,136,9862.454519027599
20,137,9371.80020622678
20,138,8905.806966549831
20,139,8463.248420929718
20,140,8042.959856331394
20,141,7640.811863514825
20,142,7258.7712703390835
20,143,6895.832706822129
20,144,6551.041071481022
20,145,6223.489017906971
20,146,5912.314567011622
20,147,5616.698838661041
20,148,5335.8638967279885
20,149,5069.070701891589
20,150,4815.617166797009
20,151,4574.836308457159
20,152,4346.094493034301
20,153,4128.789768382586
20,154,3922.350279963456
20,155,3726.2327659652833
21,1,2755.2757334502
21,2,2825.9765910054884
21,3,2779.5291745788622
21,4,2683.710108821179
21,5,2569.1612171820434
21,6,2449.6378156028163
21,7,2331.2211947950186
21,8,2216.509832892684
21,9,2106.5259537640736
21,10,2001.582589770661
21,11,3676.3036665246864
21,12,4300.022577038842
21,13,4974.116485505132
21,14,5876.610915549545
21,15,7073.354459065175
21,16,8649.682066928632
21,17,9855.693292886575
21,18,10108.424003075737
21,19,9942.21229847119
21,20,9884.310138384782
21,21,9682.731244396558
21,22,9577.500568599808
21,23,9512.44948748091
21,24,9572.646260085265
21,25,9787.792708068637
21,26,10196.707812391993
21,27,10095.601078348082
21,28,10040.83127532051
21,29,10034.250997784191
21,30,10078.041324033888
21,31,10032.623332605783
21,32,10035.783132301216
21,33,10089.768829610779
21,34,10304.89766899184
21,35,10581.95141177087
21,36,10509.789924072495
21,37,10487.387055130946
21,38,10516.916078989943
21,39,10600.912387694165
21,40,10742.302934341196
21,41,10365.980035372258
21,42,9920.84150632904
21,43,9458.087446102641
21,44,9000.329120663484
21,45,8557.20411595433
21,46,8132.479520509041
21,47,7728.628455496165
21,48,7345.250007746202
21,49,6981.348832861247
21,50,6635.982210596276
21,51,6304.496359639127
21,52,5989.677150151857
21,53,5690.718474523183
21,54,5406.86255629385
21,55,5137.399899596447
21,56,4881.6699386192895
21,57,4639.062557714978
21,58,4409.020704860537
21,59,4191.04438852805
21,60,3984.6964351470133
21,61,3789.214551842351
21,62,3604.613128958774
21,63,3430.6743002474536
21,64,3267.2872437884544
21,65,3114.47117509394
21,66,2972.40554675645
21,67,2841.469557722827
21,68,2722.2936963329635
21,69,2615.8268453556957
21,70,2523.4235183431406
21,71,2442.3506213717037
21,72,2378.6263418820363
21,73,2335.3026069323178
21,74,2316.4341739462493
21,75,2327.369108991373
21,76,2375.1251558595113
21,77,2468.877303667503
21,78,2579.405193050792
21,79,2708.0378351761506
21,80,2856.2567382748084
21,81,3038.3677527714617
21,82,3307.160767939066
21,83,3686.5398538955515
21,84,4207.538489813605
21,85,4910.41718925082
21,86,5670.390771732891
21,87,6493.920613727265
21,88,7388.0859510606015
21,89,8002.898579111132
21,90,8387.389320816557
21,91,8146.244724127227
21,92,7969.698048757185
21,93,7870.008394490191
21,94,7805.481543001804
21,95,7777.407364479686
21,96,7787.319084645099
21,97,7837.01220972957
21,98,7928.565645570806
21,99,7752.086204371376
21,100,7649.271653582039
21,101,7560.504750078504
21,102,7562.757972771102
21,103,7677.0046243950055
21,104,7930.693908855086
21,105,8359.645378314577
21,106,8850.52337695622
21,107,9309.074426266725
21,108,9426.255937054048
21,109,9521.055886693866
21,110,9778.00587651769
21,111,10039.51158307998
21,112,10280.080242463673
21,113,10451.56083196398
21,114,10294.416570894957
21,115,9991.41101970817
21,116,9765.96940984585
21,117,9579.486903530076
21,118,9491.30386876933
21,119,9512.746891474997
21,120,9649.047217886395
21,121,9733.076963248044
21,122,9668.970914972904
21,123,9715.417233161452
21,124,9873.934589240087
21,125,10089.5991875062
21,126,10106.413687672884
21,127,10175.038203244974
21,128,10214.544501988652
21,129,10229.142747166183
21,130,10161.798838262157
21,131,9736.741153812713
21,132,9357.414263086028
21,133,9028.747714116653
21,134,8757.551880197461
21,135,8553.051047440933
21,136,8427.574725539715
21,137,8338.892019011113
21,138,8288.245746813527
21,139,8348.116535542194
21,140,8452.896375517434
21,141,8526.880209036293
21,142,8647.324344760978
21,143,8871.137836299744
21,144,9277.202431408976
21,145,9369.75526783569
21,146,9513.878171198783
21,147,9536.084771382022
21,148,9607.46899293916
21,149,9661.259487503281
21,150,9449.082044968938
21,151,8976.627942720492
21,152,8527.796545584466
21,153,8101.406718305244
21,154,7696.336382389982
21,155,7311.519563270483
22,1,4942.76313294073
22,2,4910.23185195509
22,3,4805.1804594777195
22,4,4656.852637482623
22,5,4484.178976649111
22,6,4299.350619362741
22,7,4110.157685561516
22,8,3921.5192751291843
22,9,3736.4843820047645
22,10,3556.886543633196
22,11,3379.042216451536
22,12,3210.0901056289595
22,13,3049.5856003475114
22,14,2897.1063203301355
22,15,2752.251004313629
22,16,2614.6384540979475
22,17,2483.90653139305
22,18,2359.7112048233976
22,19,2241.7256445822277
22,20,2129.639362353116
22,21,2025.5255094350116
22,22,1925.799165361367
22,23,1830.5236371933593
22,24,1739.6613998341809
22,25,1653.1128815180423
22,26,1570.741651513801
22,27,1492.390717948013
22,28,1417.893016577593
22,29,1347.0781064466225
22,30,1279.7763914110728
22,31,1218.1469632386886
22,32,1158.783836746856
22,33,1101.855337992595
22,34,1047.424069715842
22,35,995.4858170787231
22,36,945.9948925552434
22,37,898.880611190765
22,38,854.0579663370459
22,39,811.4345149646523
22,40,770.9147872415679
22,41,734.7397630172451
22,42,699.5544079240439
22,43,665.5922313640808
22,44,632.9772932366953
22,45,601.7634573418762
22,46,571.9600108027942
22,47,543.5483636443382
22,48,516.4929137504333
22,49,490.7480963076118
22,50,466.26293907838743
22,51,445.3186584189425
22,52,424.6031484877289
22,53,404.3877429101231
22,54,384.83251084833483
22,55,366.02557480821145
22,56,348.0088003470519
22,57,330.7945683804691
22,58,314.3767131306745
22,59,298.737643463401
22,60,283.85296813020176
22,61,272.0375999218481
22,62,259.991649815449
22,63,248.01042343748088
22,64,236.27641634143723
22,65,224.8988289869964
22,66,213.93940233893855
22,67,203.42930165943724
22,68,193.3801426232735
22,69,183.7911847997458
22,70,174.6540178316062
22,71,168.30333336555495
22,72,161.73303841884945
22,73,154.853855039676
22,74,147.90145044828003
22,75,141.02362152697077
22,76,134.31097638754528
22,77,127.81699933888414
22,78,121.57116809587365
22,79,115.58752444589457
22,80,109.87026993062601
22,81,104.41741509134333
22,82,99.22315542794539
22,83,94.27941461571838
22,84,89.5768432847094
22,85,85.10546202762792
22,86,80.85507208997882
22,87,76.81551451614266
22,88,72.97683059240431
22,89,69.32935814723812
22,90,65.864333939433
22,91,62.57111724246134
22,92,59.44256138033827
22,93,56.47043331132136
22,94,53.64691164575529
22,95,50.96456606346752
22,96,48.41633776029414
22,97,45.995520872279435
22,98,43.69574482866546
22,99,41.51095758723219
22,100,39.435409707870576
22,101,37.46363922247705
22,102,35.590457261353194
22,103,33.81093439828553
22,104,32.12038767837125
22,105,30.51436829445269
22,106,28.988649879730055
22,107,27.53921738574355
22,108,26.162256516456374
22,109,24.854143690633556
22,110,23.611436506101878
22,111,24.88253408610231
22,112,25.243025007601112
22,113,25.031095993309723
22,114,24.466911647164267
22,115,23.693450026634917
22,116,22.80322657832016
22,117,21.855782154603773
22,118,20.889126261326734
22,119,19.927224137119985
22,120,18.984894646872583
22,121,20.418480130256533
22,122,20.957118499937405
22,123,20.929996150159308
22,124,20.55156646763203
22,125,19.96124004105029
22,126,19.249359405453284
22,127,18.47419713952575
22,128,17.67307886604335
22,129,16.86966111413793
22,130,16.078692645700205
22,131,17.653121225650175
22,132,18.327103886775458
22,133,18.429568736252588
22,134,18.174908018117463
22,135,17.70259481408602
22,136,17.10310994623603
22,137,16.434909018207378
22,138,15.810307160606088
22,139,15.251336952917299
22,140,14.760719884347541
22,141,16.63191698902469
22,142,18.551757442357726
22,143,20.525559151525854
22,144,22.558796507415664
22,145,24.65711558009489
22,146,26.826349809083876
22,147,29.07253623205907
22,148,31.401932297167406
22,149,32.30782415511658
22,150,32.312967402813285
22,151,31.0988452174952
22,152,29.80670184458682
22,153,28.48836862453147
22,154,27.17652541864278
22,155,25.89137963269428
23,1,1611.58975658767
23,2,1669.554175593599
23,3,1697.0501361890044
23,4,1701.0875385489976
23,5,1687.2339788662716
23,6,1659.904134535982
23,7,1622.591443354215
23,8,1578.053566138075
23,9,1528.4608354873794
23,10,1475.5150617856332
23,11,1405.5493344370796
23,12,1338.5843040942145
23,13,1274.5349210773968
23,14,1213.311901127681
23,15,1154.8230455462487
23,16,1098.8254615883725
23,17,1045.2807867328224
23,18,994.1354225734999
23,19,945.3247102618573
23,20,898.8375082842922
23,21,854.0637996198489
23,22,811.533653224371
23,23,771.0955784751499
23,24,732.6518244889021
23,25,696.1081642394024
23,26,661.3739897383634
23,27,628.3623484539013
23,28,596.9938374324214
23,29,567.1872733660168
23,30,538.8654050115712
23,31,511.9336856526771
23,32,486.34625363428256
23,33,462.0369848710981
23,34,438.9421290103129
23,35,417.0011026067772
23,36,396.15591759406925
23,37,376.35235579463415
23,38,357.53812950319735
23,39,339.6639396181718
23,40,322.6829186259608
23,41,306.54925337937516
23,42,291.22217573886104
23,43,276.6613753597102
23,44,262.82855362636616
23,45,249.68732381979575
23,46,237.20311612647902
23,47,225.34308727679115
23,48,214.0760346052171
23,49,203.37231433046094
23,50,193.20376385979714
23,51,183.54358477097603
23,52,174.3664128248664
23,53,165.6480980248668
23,54,157.36569780245972
23,55,149.49741666008458
23,56,142.02254882902636
23,57,134.92142379213382
23,58,128.17535452857868
23,59,121.76658834491707
23,60,115.67826016342782
23,61,109.89434744863972
23,62,104.39963033127516
23,63,99.17964903646703
23,64,94.22066677743801
23,65,89.50963360618151
23,66,85.03415207159726
23,67,80.78244459471055
23,68,76.74332247512207
23,69,72.90615644712778
23,70,69.26084870802674
23,71,65.7978063112586
23,72,62.50791602928337
23,73,59.38252025702037
23,74,56.41339426955683
23,75,53.59272457815087
23,76,50.91308836843262
23,77,48.36743396669416
23,78,45.9490622828638
23,79,43.651609181330684
23,80,41.469028733227354
23,81,39.39557730172542
23,82,37.42579844112476
23,83,35.55450852296832
23,84,33.77678310021039
23,85,32.08794394814755
23,86,30.483546753302885
23,87,28.959369418450066
23,88,27.511400950613808
23,89,26.135830906469963
23,90,24.82903936486319
23,91,23.58758739993439
23,92,22.408208033574844
23,93,21.287797635887543
23,94,20.22340775847337
23,95,19.212237375356537
23,96,18.251625511863732
23,97,17.339044242059355
23,98,16.472092036309025
23,99,15.648487441464962
23,100,14.866063077042112
23,101,14.122759930327074
23,102,13.416621941642937
23,103,12.745790853155864
23,104,12.108501319342402
23,105,11.5030762624761
23,106,10.927922458717035
23,107,10.381526345417502
23,108,9.862450038062397
23,109,9.369327546362607
23,110,8.900861179543703
23,111,8.45581812932351
23,112,8.033027231868282
23,113,7.6313758795471305
23,114,7.249807095745156
23,115,6.887316752124362
23,116,6.542950926772222
23,117,6.215803391087306
23,118,5.905013230795262
23,119,5.609762577308164
23,120,5.329274457279748
23,121,5.06281074189231
23,122,4.80967021300246
23,123,4.569186710795041
23,124,4.340727383942831
23,125,4.123691024279397
23,126,3.917506483527719
23,127,3.7216311701170315
23,128,3.535549622689083
23,129,3.358772152953792
23,130,3.1908335570358406
23,131,3.0312918888446183
23,132,2.8797273043431133
23,133,2.7357409493549647
23,134,2.5989539124128647
23,135,2.4690062276231135
23,136,2.345555927386946
23,137,2.228278142485791
23,138,2.1168642471622716
23,139,2.0110210469471506
23,140,1.9104700070949323
23,141,1.8149465168640193
23,142,1.7241992014382432
23,143,1.6379892520858612
23,144,1.5560898005119648
23,145,1.4782853218366445
23,146,1.4043710674242484
23,147,1.3341525260711757
23,148,1.2674449121342828
23,149,1.2040726792528678
23,150,1.1438690583845572
23,151,1.086675616130906
23,152,1.0323418438674874
23,153,0.9807247585171576
23,154,0.9316885260725783
23,155,0.8851041045343732
24,1,4371.94125513687
24,2,4368.11427206076
24,3,4321.739392281991
24,4,4243.44912056113
24,5,4141.651819545558
24,6,4022.9797277332805
24,7,3892.647551177781
24,8,3759.562063043157
24,9,3625.0743614896287
24,10,3490.3091514445155
24,11,3340.8619392270302
24,12,3195.605654303484
24,13,3054.760289930366
24,14,2918.4786129649287
24,15,2786.856885264945
24,16,2659.9440855840326
24,17,2537.7498330513386
24,18,2420.2511867616613
24,19,2307.3984729284657
24,20,2199.12027101034
24,21,2092.539632821501
24,22,1990.6163268451364
24,23,1893.2511547103127
24,24,1800.323277984951
24,25,1711.6965935748367
24,26,1627.2247369668905
24,27,1546.7549915482534
24,28,1470.1313266060363
24,29,1397.1967420685262
24,30,1327.8340143412152
24,31,1262.4852599105598
24,32,1200.196396890447
24,33,1140.8557324262322
24,34,1084.3489392645467
24,35,1030.5608230624803
24,36,979.376675849046
24,37,930.6833011022851
24,38,884.3697787427697
24,39,840.3280246048058
24,40,798.4531879487043
24,41,758.5485209111167
24,42,720.6367320255043
24,43,684.6174207893438
24,44,650.3965825673333
24,45,617.8847897257497
24,46,586.9969873051754
24,47,557.6522940295528
24,48,529.7738093558737
24,49,503.28842704034673
24,50,478.12665551829497
24,51,455.18691877297766
24,52,433.2018162548373
24,53,412.16189442192274
24,54,392.0505550536683
24,55,372.84592833861103
24,56,354.52235065281906
24,57,337.0515268238201
24,58,320.4034407392463
24,59,304.5470653978344
24,60,289.4509132810785
24,61,275.96791980869716
24,62,262.962155123792
24,63,250.44894504333166
24,64,238.43505082942423
24,65,226.9206492715986
24,66,215.90090494591877
24,67,205.36721649708082
24,68,195.3082024677916
24,69,185.71047912764948
24,70,176.5592722846482
24,71,168.7249108796453
24,72,161.310088406751
24,73,154.0627438663549
24,74,147.01495273687024
24,75,140.18913729715706
24,76,133.60015112220057
24,77,127.25694058870155
24,78,121.16386797437788
24,79,115.32176388216324
24,80,109.72876322256498
24,81,104.28919174195306
24,82,99.112272365949
24,83,94.18672845673751
24,84,89.508303694841
24,85,85.0576487505122
24,86,80.8245992655576
24,87,76.8037575775227
24,88,72.9799007071162
24,89,69.34398680954457
24,90,65.88726546043247
24,91,63.564909930613666
24,92,61.165242636388435
24,93,58.73062164461568
24,94,56.29362711556228
24,95,53.87907453887925
24,96,51.505623963990445
24,97,49.18706579058711
24,98,46.9333476439195
24,99,44.75139401115578
24,100,42.645760023893224
24,101,41.510845367358186
24,102,40.23419914806263
24,103,38.86240492596645
24,104,37.431857183649
24,105,35.97083490015523
24,106,34.501160186274106
24,107,33.03952466889283
24,108,31.598549851486066
24,109,30.187634493158104
24,110,28.813631488031515
24,111,28.372699599104415
24,112,27.754864117214247
24,113,27.008561309303644
24,114,26.171927002596497
24,115,25.27487945323186
24,116,24.34078606998318
24,117,23.38779688860377
24,118,22.429911191991497
24,119,21.525841896348737
24,120,20.67306400087891
24,121,20.700803021048383
24,122,20.515938038386913
24,123,20.229028375316144
24,124,20.02747125905226
24,125,19.858669039071625
24,126,19.721618927693235
24,127,19.615386055419876
24,128,19.33937506001203
24,129,18.936917711209315
24,130,18.442245460411353
24,131,18.684905321021834
24,132,18.68364253400921
24,133,18.496779373018565
24,134,18.1705428959012
24,135,17.74149634682452
24,136,17.23848548665372
24,137,16.68419644201454
24,138,16.096402438898313
24,139,15.488961387959984
24,140,14.87261395443826
24,141,15.121193001331102
24,142,15.159893356700966
24,143,15.03850145322049
24,144,14.796495194807477
24,145,14.465115405279757
24,146,14.069024056156108
24,147,13.627631554681715
24,148,13.156158996715691
24,149,12.666488171714125
24,150,12.167841600120626
24,151,11.5821171323759
24,152,11.021168033178412
24,153,10.484653194213957
24,154,9.972069928221526
24,155,9.483590919890995
25,1,7075.64021089041
25,2,6964.937652733969
25,3,6828.656052579676
25,4,6681.786182741292
25,5,6526.286189612719
25,6,6363.899013296276
25,7,6188.648522750641
25,8,6010.424816556501
25,9,5830.340059764717
25,10,5649.3717054731615
25,11,5442.756618112839
25,12,5236.763037387625
25,13,5035.638692758858
25,14,4839.585961787076
25,15,4648.76049974289
25,16,4463.276580861606
25,17,4283.211925813094
25,18,4108.6120613320545
25,19,3939.4942539934973
25,20,3774.184299168678
25,21,3603.0005529219907
25,22,3438.9371530064027
25,23,3281.017834737089
25,24,3129.8428213980596
25,25,2985.169449109521
25,26,2846.2169430313943
25,27,2713.365942417594
25,28,2585.946631477649
25,29,2464.2210443192466
25,30,2347.9600963022535
25,31,2234.406063807485
25,32,2126.037704480451
25,33,2022.8125685285886
25,34,1924.3548654674828
25,35,1830.599779386939
25,36,1741.330263454891
25,37,1656.3386384830833
25,38,1575.426246438569
25,39,1498.403111272162
25,40,1425.0073661881686
25,41,1354.514593671983
25,42,1287.4494875200742
25,43,1223.683399483809
25,44,1163.0279983978703
25,45,1105.3376849485328
25,46,1050.4728681034308
25,47,998.2998274730863
25,48,948.6905617190812
25,49,901.5226263734613
25,50,856.6789639243596
25,51,814.4434635583716
25,52,774.2431368884135
25,53,735.9860301989345
25,54,699.5835324240968
25,55,664.9503686599071
25,56,632.0045734382288
25,57,600.667447406586
25,58,570.863500538571
25,59,542.5203845496603
25,60,515.5688168033289
25,61,490.36629123242216
25,62,466.35017478559547
25,63,443.4705828024164
25,64,421.6789170736154
25,65,400.92795611460554
25,66,381.1719211370283
25,67,362.3665214663263
25,68,344.4689826417323
25,69,327.43805999053154
25,70,311.2340400823374
25,71,296.24797184377957
25,72,281.93752589515805
25,73,268.278352305591
25,74,255.24611144923784
25,75,242.81662801055978
25,76,230.9660175106913
25,77,219.6707892605318
25,78,208.90792912683227
25,79,198.6549650456639
25,80,188.91945997793323
25,81,179.57823961523425
25,82,170.69067193323693
25,83,162.23579056509763
25,84,154.19345778011441
25,85,146.54435117124157
25,86,139.26994740895535
25,87,132.3605841796904
25,88,125.78975994181725
25,89,119.54143467953551
25,90,113.60025685031229
25,91,107.93895886268614
25,92,102.55918928485487
25,93,97.44620935515637
25,94,92.5876486021567
25,95,87.9708870352254
25,96,83.58392737377386
25,97,79.41660531265264
25,98,75.45612944321884
25,99,71.69235200454328
25,100,68.11560772151537
25,101,65.21086816786291
25,102,62.38723236534289
25,103,59.64885417939711
25,104,56.99862902341149
25,105,54.43839127844316
25,106,51.96908462632936
25,107,49.590908854109784
25,108,47.30344622773678
25,109,45.10577013219188
25,110,42.99653832579644
25,111,41.41598333612422
25,112,39.84158928932855
25,113,38.28237508951131
25,114,36.74571484580984
25,115,35.23757292491436
25,116,33.76270769092509
25,117,32.32484800186646
25,118,30.926846008238343
25,119,29.570809342264084
25,120,28.25821538838052
25,121,27.421354471153897
25,122,26.552602218707975
25,123,25.662991198582045
25,124,24.761794285838796
25,125,23.85676727989292
25,126,22.954359597576044
25,127,22.059897172120255
25,128,21.17774115697111
25,129,20.345213913665845
25,130,19.5253389762643
25,131,19.14691053243657
25,132,18.710880182162086
25,133,18.229923006828866
25,134,17.714826575539117
25,135,17.174745801775245
25,136,16.61742451565789
25,137,16.095504693945685
25,138,15.607404648420859
25,139,15.151626484901588
25,140,14.67708944473885
25,141,14.613958559848193
25,142,14.468131600021742
25,143,14.254732504261373
25,144,13.98672240530621
25,145,13.675187815937793
25,146,13.329591360082995
25,147,12.957989871348348
25,148,12.567224062903936
25,149,12.163083433186003
25,150,11.750449601555275
25,151,11.252214612480062
25,152,10.767462574010283
25,153,10.296982224868252
25,154,9.841335617399837
25,155,9.403610814744916
26,1,22964.0888425142
26,2,22404.960029435606
26,3,21734.76580855582
26,4,21028.457978862447
26,5,20298.612948378126
26,6,19555.512073167443
26,7,18807.514175956683
26,8,18061.369562419015
26,9,17322.48462912148
26,10,16581.7966259105
26,11,15855.384075051626
26,12,15141.060313552649
26,13,14443.93961575677
26,14,13772.403423274376
26,15,13126.606816465252
26,16,12502.993678808898
26,17,11902.839938087973
26,18,11326.794841803285
26,19,10775.045131786583
26,20,10247.439659701377
26,21,9774.601581497043
26,22,9319.289512133348
26,23,8878.856395946003
26,24,8456.495234265856
26,25,8050.158859354069
26,26,7660.248043902716
26,27,7286.859847130071
26,28,6929.869747716351
26,29,6588.99387053882
26,30,6263.83603121101
26,31,5989.363692493094
26,32,5719.477177480212
26,33,5456.103714189596
26,34,5200.56523070583
26,35,4953.728729670983
26,36,4716.120798209774
26,37,4488.014736136352
26,38,4269.496782397055
26,39,4060.516389540787
26,40,3860.9243270091265
26,41,3706.655561647181
26,42,3550.948756120044
26,43,3396.0355613462316
26,44,3243.5263449555127
26,45,3094.5615448286544
26,46,2949.927066667602
26,47,2810.142223031633
26,48,2675.526705288873
26,49,2546.2515473887693
26,50,2422.377869525686
26,51,2340.140969034278
26,52,2252.839763223009
26,53,2162.893038839159
26,54,2072.087568423058
26,55,1981.7303246876604
26,56,1892.7646193531941
26,57,1805.8586879130708
26,58,1721.473230356455
26,59,1639.9128811436572
26,60,1561.3654076875132
26,61,1522.3600312575102
26,62,1476.086080675775
26,63,1425.0826315915779
26,64,1371.2483531934868
26,65,1315.9947033644692
26,66,1260.3628668188674
26,67,1205.112998025607
26,68,1150.7923098787567
26,69,1097.787005165203
26,70,1046.3618683431564
26,71,1033.226525030398
26,72,1011.5008198586393
26,73,983.796593370645
26,74,952.080065983885
26,75,917.8256656279648
26,76,882.1334789952278
26,77,845.8189148850437
26,78,810.1146395881862
26,79,776.4261115218303
26,80,742.8131497353116
26,81,706.8463017497936
26,82,672.400777121257
26,83,639.4658861758344
26,84,608.0160448707717
26,85,578.0151607220822
26,86,549.4199401104428
26,87,522.2651743392415
26,88,496.5049245491519
26,89,472.0450425610073
26,90,448.721928711792
26,91,465.7539176679935
26,92,472.61983902392217
26,93,474.4776997251304
26,94,472.29954188595116
26,95,466.89716794907815
26,96,458.9474230005951
26,97,447.7619185255791
26,98,435.3161284996893
26,99,421.9545532523038
26,100,407.960922204113
26,101,431.3426064281531
26,102,443.2231900821092
26,103,446.61608405518166
26,104,443.8085767089865
26,105,436.53394667195204
26,106,427.3155740626545
26,107,416.6076122489726
26,108,404.78628425317675
26,109,391.42988623964067
26,110,377.11693990378836
26,111,398.5019174406875
26,112,409.3208115111688
26,113,412.3431792516923
26,114,409.6711642425942
26,115,402.89769601092837
26,116,393.22731995545627
26,117,382.4200561998948
26,118,370.06358750294953
26,119,356.7285121901718
26,120,342.8405180843137
26,121,365.4916879357814
26,122,380.85429191127145
26,123,390.2450926467954
26,124,400.1615263821313
26,125,410.61214252356893
26,126,413.3519764372463
26,127,410.4629945698339
26,128,403.52270819454185
26,129,393.72388038665935
26,130,384.7781997352355
26,131,408.1645224831732
26,132,420.32197416832486
26,133,424.18605330622165
26,134,421.98520651549376
26,135,415.40840647790066
26,136,405.73314581417634
26,137,393.923190503838
26,138,380.70323129164905
26,139,366.61588676620096
26,140,352.0652246457895
26,141,373.4424616929582
26,142,384.5514392938164
26,143,398.56851002435593
26,144,415.7510791638238
26,145,436.3905285230301
26,146,460.8159659000894
26,147,489.39842069860913
26,148,504.36866502713116
26,149,509.2825181134523
26,150,506.8394589697654
26,151,490.8271254755223
26,152,473.41361374478936
26,153,455.188606288435
26,154,438.5081810016502
26,155,421.2271317926823
27,1,15761.146445209
27,2,15972.163313036039
27,3,15583.175565320107
27,4,14971.961158407808
27,5,14292.220292742437
27,6,13605.840726929871
27,7,12937.123584601448
27,8,12295.013111918783
27,9,11682.208196007281
27,10,11098.895539477535
27,11,10587.323798982392
27,12,10084.133236548187
27,13,9590.658582001894
27,14,9115.525775887056
27,15,8661.553537516658
27,16,8229.215521314647
27,17,7818.058006125181
27,18,7427.279442778191
27,19,7055.966448792583
27,20,6703.189027395807
27,21,6455.351114877356
27,22,6168.385390062537
27,23,5874.644871240321
27,24,5589.771253714234
27,25,5313.914727703253
27,26,5049.708126354731
27,27,4798.121413031606
27,28,4559.163463489342
27,29,4332.205558085202
27,30,4116.6505626786375
27,31,3910.818034544706
27,32,3715.2771328174704
27,33,3529.5132761765967
27,34,3353.0376123677665
27,35,3185.3857317493785
27,36,3026.1164451619093
27,37,2874.810622903814
27,38,2731.070091758623
27,39,2594.516587170692
27,40,2464.7907578121576
27,41,2430.0895801958723
27,42,2344.885828898551
27,43,2242.524835815737
27,44,2136.5007463534166
27,45,2032.177591490417
27,46,1931.5944837223112
27,47,1835.4353259768259
27,48,1743.835991918643
27,49,1656.7148895413807
27,50,1573.9081309239664
27,51,1582.3277681214504
27,52,1538.9285476502876
27,53,1476.6261591210862
27,54,1408.7989070948902
27,55,1340.8206246713876
27,56,1274.7888752396275
27,57,1211.4632370163877
27,58,1151.0597354364525
27,59,1093.576309375692
27,60,1038.926013798443
27,61,1074.2970630738516
27,62,1056.3823234059446
27,63,1018.2412537648195
27,64,973.347190153539
27,65,927.147210267416
27,66,881.8014753988822
27,67,838.1261681433214
27,68,796.3899140070524
27,69,756.6401405577675
27,70,718.8367196528169
27,71,770.29832339808
27,72,767.6188175166166
27,73,743.9303948590464
27,74,712.757807585581
27,75,679.5897295187915
27,76,646.6228660909727
27,77,614.7068982361536
27,78,584.141775258735
27,79,555.0044774888978
27,80,527.2828679216236
27,81,500.91872452554253
27,82,475.8727882992654
27,83,452.0791488843021
27,84,429.475191440087
27,85,408.00143186808265
27,86,387.6013602746785
27,87,368.22129226094455
27,88,349.8102276478973
27,89,332.31971626550245
27,90,315.7037304522273
27,91,388.7836502306493
27,92,405.7791613025405
27,93,400.4284276066172
27,94,386.5316782176599
27,95,369.71620982324004
27,96,352.2599566938279
27,97,335.069077377454
27,98,318.48869210109143
27,99,302.635215618966
27,100,287.53254766841866
27,101,360.66874717842967
27,102,434.96134219207886
27,103,451.06694835522893
27,104,444.0336069792966
27,105,428.1951291074817
27,106,410.62556534706755
27,107,392.4118433711226
27,108,373.7414492820439
27,109,355.4439580305274
27,110,337.8314884261612
27,111,406.4737263047299
27,112,421.2189030324429
27,113,414.53619172843
27,114,399.7044580195283
27,115,382.136216228335
27,116,364.0203676719293
27,117,346.79626915995397
27,118,330.4871061665165
27,119,315.24951796319414
27,120,300.8445813608131
27,121,285.80235229277247
27,122,271.51223467813384
27,123,257.93662294422717
27,124,245.0397917970158
27,125,232.78780220716502
27,126,221.14841209680677
27,127,210.0909914919664
27,128,199.58644191736806
27,129,189.60711982149968
27,130,180.1267638304247
27,131,171.12042563890344
27,132,162.56440435695825
27,133,154.43618413911034
27,134,146.7143749321548
27,135,139.37865618554707
27,136,132.4097233762697
27,137,125.78923720745622
27,138,119.49977534708341
27,139,113.52478657972924
27,140,107.84854725074277
27,141,191.0945403847129
27,142,275.05334698929244
27,143,359.9574576129529
27,144,382.4088637012865
27,145,379.87262489350456
27,146,367.67851744351503
27,147,352.0823963271605
27,148,335.62127646068916
27,149,319.3088426171082
27,150,303.5355387778287
27,151,288.3587618389373
27,152,273.9408237469904
27,153,260.2437825596409
27,154,247.23159343165887
27,155,234.87001376007592
28,1,195517.76553089
28,2,193560.87693221972
28,3,191920.76475446342
28,4,190587.72027232288
28,5,187478.68040679445
28,6,183093.35534351887
28,7,177814.83673598178
28,8,171935.86279622206
28,9,165679.21331241055
28,10,159213.54426750168
28,11,151581.58363881853
28,12,144257.9172431832
28,13,137243.47711598355
28,14,130535.50336624788
28,15,124140.15294833343
28,16,118035.26233197596
28,17,112220.5335609489
28,18,106677.13256941069
28,19,101395.82109935785
28,20,96366.8576324805
28,21,91749.64288008658
28,22,87333.58224062508
28,23,83113.00567691567
28,24,79081.8785950046
28,25,75224.53919315763
28,26,71545.7761176317
28,27,68038.7712801958
28,28,64691.44335966829
28,29,61503.41584312482
28,30,58464.41024513742
28,31,55549.471421604016
28,32,52778.43272266194
28,33,50144.99552805218
28,34,47642.420141159906
28,35,45264.28311628158
28,36,43004.46450847922
28,37,40856.87962386037
28,38,38816.28430053554
28,39,36877.38661660983
28,40,35035.15074523677
28,41,33479.68488669756
28,42,31958.21927673017
28,43,30478.815291797197
28,44,29055.87802532682
28,45,27689.169405507713
28,46,26378.081420609808
28,47,25116.18621671762
28,48,23908.965563343714
28,49,22754.929397931366
28,50,21652.478471735747
28,51,20774.946759421513
28,52,19895.55606960921
28,53,19036.597937354472
28,54,18190.299925029136
28,55,17362.78320306711
28,56,16558.356702036643
28,57,15779.943603073296
28,58,15029.411602899234
28,59,14307.828467598425
28,60,13615.659588862409
28,61,13132.44885090525
28,62,12629.340039994577
28,63,12117.153129774928
28,64,11603.976104599302
28,65,11095.79014989963
28,66,10596.954627266687
28,67,10110.583142141159
28,68,9638.835028360874
28,69,9183.141147607734
28,70,8744.378685733976
28,71,8504.899938446917
28,72,8233.29906682329
28,73,7941.015598839233
28,74,7636.724233019741
28,75,7326.962086141914
28,76,7016.615530163564
28,77,6709.2979567068205
28,78,6407.642817642444
28,79,6122.017108776874
28,80,5842.922001014891
28,81,5556.9912454359655
28,82,5283.971005818771
28,83,5023.888487226352
28,84,4776.202156681681
28,85,4540.117837743132
28,86,4315.229883827807
28,87,4101.114027440529
28,88,3897.460903168947
28,89,3704.0297072697576
28,90,3519.9485387807126
28,91,3540.893604017071
28,92,3531.7030098973055
28,93,3485.540484287446
28,94,3422.4226632625637
28,95,3346.0425189778384
28,96,3252.3541413874655
28,97,3152.4774320440574
28,98,3048.327712803695
28,99,2941.4873472215068
28,100,2833.2574217558617
28,101,2903.4660212712424
28,102,2938.870774602765
28,103,2945.8339116335574
28,104,2929.7168758029206
28,105,2885.153742639334
28,106,2820.090001664203
28,107,2740.619197744855
28,108,2651.3999197769326
28,109,2555.979600639398
28,110,2457.0459195208973
28,111,2535.0465630194244
28,112,2564.3569688401953
28,113,2557.399864694229
28,114,2523.7494697775433
28,115,2470.7706241817723
28,116,2404.115196845627
28,117,2328.1076087126226
28,118,2246.0442076950994
28,119,2160.4257153182148
28,120,2079.8352916643944
28,121,2178.8967896295962
28,122,2227.72433514824
28,123,2238.9272615359237
28,124,2222.2326626828667
28,125,2185.131650350569
28,126,2133.3813201960747
28,127,2071.3946122723482
28,128,2002.5430738916127
28,129,1929.3919555619816
28,130,1853.8827372624482
28,131,1958.597561468609
28,132,2014.0544461460115
28,133,2032.533238496108
28,134,2023.5106134601
28,135,1994.2884194496908
28,136,1950.481741064043
28,137,1896.397970000813
28,138,1835.3311970249806
28,139,1769.7908157060417
28,140,1701.6790156403445
28,141,1813.3536209466472
28,142,1875.5673379799393
28,143,1900.5778173895878
28,144,1897.8478601019258
28,145,1874.6717384899016
28,146,1836.6616944378236
28,147,1788.1258025278003
28,148,1732.3614312162317
28,149,1671.8831305745364
28,150,1608.599576049963
28,151,1725.1172869324828
28,152,1841.323647582057
28,153,1906.5706140250004
28,154,1933.47439995848
28,155,1931.7751899857412
29,1,3336.11886047938
29,2,3373.635334895608
29,3,3339.602041243918
29,4,3261.355282950068
29,5,3156.7627923459045
29,6,3037.45985799367
29,7,2910.981565363662
29,8,2782.167594573195
29,9,2654.0876506723503
29,10,2528.6510073492627
29,11,2402.218456981799
29,12,2282.107534132709
29,13,2168.0021574260736
29,14,2059.60204955477
29,15,1956.6219470770313
29,16,1858.7908497231797
29,17,1765.8513072370208
29,18,1677.5587418751697
29,19,1593.6808047814113
29,20,1513.9967645423408
29,21,1440.5616947644512
29,22,1370.0260924342654
29,23,1302.5083337194483
29,24,1238.0310737861205
29,25,1176.5566553968072
29,26,1118.010304789662
29,27,1062.295286295395
29,28,1009.3243561568659
29,29,958.9529250711652
29,30,911.0677432674988
29,31,867.7059343090572
29,32,825.7648876306554
29,33,785.4284040235393
29,34,746.7841941727029
29,35,709.8583160849422
29,36,674.6377858188514
29,37,641.0853985975536
29,38,609.149420531572
29,39,578.7699038433009
29,40,549.8827805600804
29,41,524.582551926341
29,42,499.79921127986177
29,43,475.7620243158118
29,44,452.6018009023837
29,45,430.38548232902144
29,46,409.1388836124582
29,47,388.8616325203613
29,48,369.5369686396819
29,49,351.138157501876
29,50,333.6326762036456
29,51,319.1491919040388
29,52,304.64031283630607
29,53,290.36291176209306
29,54,276.47385717403824
29,55,263.06473528436925
29,56,250.18470078874344
29,57,237.85550604430884
29,58,226.08137729650008
29,59,214.8554965110291
29,60,204.16424762977192
29,61,196.16188399407937
29,62,187.807444117855
29,63,179.37503011113532
29,64,171.03757305883357
29,65,162.90171745058697
29,66,155.03079076451166
29,67,147.4599221301593
29,68,140.20598814930378
29,69,133.27415068264355
29,70,126.66214956750184
29,71,122.53935992084124
29,72,117.86899137589901
29,73,112.93544084537886
29,74,107.921242269333
29,75,102.94204607010738
29,76,98.06965840408684
29,77,93.347212429985
29,78,88.7991551559673
29,79,84.43781830415928
29,80,80.26773856599895
29,81,76.254351637699
29,82,72.44163405581405
29,83,68.81955235302335
29,84,65.37857473537218
29,85,62.109645998603575
29,86,59.004163698673395
29,87,56.05395551373972
29,88,53.251257738052736
29,89,50.588694851150095
29,90,48.05926010859259
29,91,47.93100422717631
29,92,47.0334860105423
29,93,45.669673794538824
29,94,44.03719121851296
29,95,42.26434139151633
29,96,40.43384173659973
29,97,38.59846042603017
29,98,36.79131620628428
29,99,35.03266162619522
29,100,33.33434904560384
29,101,31.702769803297052
29,102,30.140787393504674
29,103,28.649007880794905
29,104,27.226613732495398
29,105,25.87191011181345
29,106,24.582681842679094
29,107,23.35642575936985
29,108,22.19050107921684
29,109,21.082225889806402
29,110,20.028938256054797
29,111,21.30109638273354
29,112,21.73434728461516
29,113,21.80941617646199
29,114,21.484562510394024
29,115,20.914876081949952
29,116,20.201625256225295
29,117,19.410656866161734
29,118,18.58451940599438
29,119,17.76725761578199
29,120,16.965711760232605
29,121,18.34813037296576
29,122,18.900757922608285
29,123,18.924472477481515
29,124,18.72941950411567
29,125,18.37540625131396
29,126,17.908273656700388
29,127,17.48572466456124
29,128,16.923056262501756
29,129,16.282259600116763
29,130,15.603476323448646
29,131,17.10786696230962
29,132,17.75800159006115
29,133,17.862244446654454
29,134,17.622954419209233
29,135,17.172675524679633
29,136,16.59798430506359
29,137,15.955203234621633
29,138,15.280753930321147
29,139,14.597978088851853
29,140,13.962619226570663
29,141,15.525855546983543
29,142,16.239803808301957
29,143,16.409882462368802
29,144,16.23657170776396
29,145,15.851236962226228
29,146,15.33973455457637
29,147,14.75796599811165
29,148,14.142126473069109
29,149,13.515456882050398
29,150,12.892691844754173
29,151,12.248057252516466
29,152,11.635654389890641
29,153,11.05387167039611
29,154,10.501178086876303
29,155,9.976119182532488
30,1,23913.238116261
30,2,23634.515250936314
30,3,23029.54414485668
30,4,22240.845616531704
30,5,21356.99112474445
30,6,20432.67168781297
30,7,19501.318548465628
30,8,18583.03902097459
30,9,17696.658586354824
30,10,16844.04116321138
30,11,16009.884128792037
30,12,15214.450242285604
30,13,14456.910671409285
30,14,13736.067207877499
30,15,13050.523149537952
30,16,12398.789093053228
30,17,11779.347869924643
30,18,11190.693864057055
30,19,10631.356291672617
30,20,10099.91246608377
30,21,9644.637728822087
30,22,9193.680279701717
30,23,8753.667886791374
30,24,8328.35794210782
30,25,7919.72294483606
30,26,7529.598877748949
30,27,7157.5342526340155
30,28,6802.9831581017725
30,29,6465.338855749195
30,30,6143.647467104265
30,31,5836.465093749051
30,32,5544.641839061599
30,33,5267.409747108519
30,34,5004.039259753093
30,35,4753.837296765438
30,36,4516.145431927165
30,37,4290.338160330807
30,38,4075.8212523142665
30,39,3872.0301896985534
30,40,3678.4286802136257
30,41,3544.5387544183304
30,42,3404.9955486852423
30,43,3263.129158184213
30,44,3121.3510673131127
30,45,2981.385700000563
30,46,2842.4446900279377
30,47,2707.951072277181
30,48,2577.3519185994746
30,49,2451.5025162293405
30,50,2330.825834167013
30,51,2262.252150075792
30,52,2179.3111677631773
30,53,2089.3235616202674
30,54,1999.1515771703755
30,55,1908.185046105832
30,56,1818.431162862951
30,57,1731.769228697611
30,58,1647.8600707447713
30,59,1567.1523490977365
30,60,1489.8547739517878
30,61,1464.0683743624288
30,62,1421.501242943384
30,63,1369.6964055073342
30,64,1313.3325565752616
30,65,1255.2900197214306
30,66,1200.477445622213
30,67,1148.7474330840912
30,68,1099.960557141824
30,69,1055.0593878797058
30,70,1014.0914718377732
30,71,1024.3311067924699
30,72,1044.2486316684208
30,73,1075.0638985126182
30,74,1118.2206331917034
30,75,1175.422871366743
30,76,1248.6775363493798
30,77,1323.946577850577
30,78,1404.32684672044
30,79,1505.1958764926821
30,80,1629.6269289928139
30,81,1799.6182495106145
30,82,2003.156233919481
30,83,2245.5936786669754
30,84,2533.1911780544433
30,85,2873.2682675237784
30,86,3274.3798701274545
30,87,3746.522275272781
30,88,4301.373586015405
30,89,4952.574396598346
30,90,5716.055425360695
30,91,6507.936690517354
30,92,7440.412663306388
30,93,8536.581170839025
30,94,9823.422477319726
30,95,11332.44740350818
30,96,12852.029513539552
30,97,14385.339310718247
30,98,15935.547802770801
30,99,17505.833314897034
30,100,19393.377468675626
30,101,21217.856215166386
30,102,23418.292506383998
30,103,26054.001208891103
30,104,29194.39189668541
30,105,32920.64782319555
30,106,37327.68606054896
30,107,42526.445795122105
30,108,48646.559626053415
30,109,55839.47188481709
30,110,64282.078698781675
30,111,68121.54165107309
30,112,70028.21114798143
30,113,70528.36131423316
30,114,70015.91878557527
30,115,68410.91345910332
30,116,66182.82008160364
30,117,63623.73157136497
30,118,61007.484531158145
30,119,58321.704077162365
30,120,55785.89017808654
30,121,52996.595669182214
30,122,50346.7658857231
30,123,47829.42759143695
30,124,45437.9562118651
30,125,43166.05840127185
30,126,41007.75548120825
30,127,38957.36770714784
30,128,37009.49932179044
30,129,35159.02435570092
30,130,33401.073137915875
30,131,31781.13563622472
30,132,30229.826342513617
30,133,28746.76643342496
30,134,27327.311467408996
30,135,25979.598233987013
30,136,24694.667264736843
30,137,23474.5869484745
30,138,22316.140729045175
30,139,21216.27399509108
30,140,20172.086030842107
30,141,19219.46354341633
30,142,18293.70292732468
30,143,17401.166481877244
30,144,16545.039690661306
30,145,15726.550640308455
30,146,14945.734993892387
30,147,14201.915220239762
30,148,13494.000187158186
30,149,12820.671855668508
30,150,12180.5010482642
30,151,11619.879442908761
30,152,11069.33123896266
30,153,10535.015065211912
30,154,10020.30990612747
30,155,9526.871089557897
31,1,13943.8964602171
31,2,13816.78993467395
31,3,13519.881451490437
31,4,13116.093709279092
31,5,12680.885033941457
31,6,12199.272625241669
31,7,11694.639397490711
31,8,11182.690736442362
31,9,10673.84946601914
31,10,10174.90963979982
31,11,9666.164157809828
31,12,9182.855949919336
31,13,8723.71315242337
31,14,8287.527494802202
31,15,7873.151120062092
31,16,7479.4935640589865
31,17,7105.518885856038
31,18,6750.242941563236
31,19,6412.730794485074
31,20,6092.094254760819
31,21,5796.13693030445
31,22,5512.305429091863
31,23,5240.81912124139
31,24,4981.631279029768
31,25,4734.521216748939
31,26,4499.157463565917
31,27,4275.14094497683
31,28,4062.0343737491307
31,29,3859.3821339922843
31,30,3666.723617233721
31,31,3491.7549002946266
31,32,3322.949072850406
31,33,3160.7969242491085
31,34,3005.517833820138
31,35,2857.149624375519
31,36,2715.610351588997
31,37,2580.7407160362354
31,38,2452.333099714865
31,39,2330.1513735901067
31,40,2213.944340753542
31,41,2111.6430550357027
31,42,2011.8624908259258
31,43,1915.2782639671573
31,44,1822.2844990674262
31,45,1733.0844465884059
31,46,1647.9814696321994
31,47,1566.8395254010422
31,48,1489.516326675557
31,49,1415.866127663896
31,50,1345.7419015585447
31,51,1287.0743249081772
31,52,1228.676695896212
31,53,1171.3585173797114
31,54,1115.6345099990378
31,55,1061.8179321745097
31,56,1010.0849526095019
31,57,960.5190256562357
31,58,913.1414539613753
31,59,867.932411558581
31,60,824.8453799146865
31,61,792.0424042303518
31,62,758.2718356970113
31,63,724.3878461217813
31,64,690.9529089425399
31,65,658.3293219880647
31,66,626.7423803070839
31,67,596.3239626648596
31,68,567.1425871804493
31,69,539.2241202717703
31,70,512.566030011369
31,71,495.4019933201727
31,72,476.48070063744024
31,73,456.698191231012
31,74,436.6559758766431
31,75,416.75292877997344
31,76,397.24874076371407
31,77,378.30772349564126
31,78,360.39576345051205
31,79,343.4687063331785
31,80,327.05034817565723
31,81,319.4418432842359
31,82,309.5118637695209
31,83,298.2113704218472
31,84,286.1857958907492
31,85,273.8700369432979
31,86,261.55406491146954
31,87,249.42823476829358
31,88,237.61456734363557
31,89,226.18834029725969
31,90,215.3738752207543
31,91,213.2553541526012
31,92,208.5698557757544
31,93,202.27165609453795
31,94,195.01210582714276
31,95,187.23363701908184
31,96,179.2347014780854
31,97,171.21462410436192
31,98,163.3045783699687
31,99,155.5889731118103
31,100,148.29916462233004
31,101,149.54349470197457
31,102,149.08380721391654
31,103,146.47870054092587
31,104,142.5054823420838
31,105,137.69555355326878
31,106,132.68713172965087
31,107,127.34933703831376
31,108,122.03260394622394
31,109,116.65703077695242
31,110,111.32588464448023
31,111,114.28983141582042
31,112,115.48824715431783
31,113,114.49065374732024
31,114,112.06690295490057
31,115,108.74439809656347
31,116,104.88323883171617
31,117,100.72813479235715
31,118,96.444267063178
31,119,92.14205816623226
31,120,87.89427833716393
31,121,91.93836019619259
31,122,93.17265006752078
31,123,93.23962843101883
31,124,94.28807518099853
31,125,95.79232770074549
31,126,97.774828003318
31,127,100.26092167595918
31,128,103.27907098644812
31,129,106.86108922150416
31,130,112.08666706467184
31,131,124.89647232095487
31,132,140.903293800647
31,133,158.09017061987532
31,134,176.57435529246646
31,135,196.48292442654713
31,136,217.9536836379084
31,137,241.13615147221088
31,138,266.19262944423986
31,139,293.2993659312293
31,140,322.6478223422382
31,141,360.1020586615387
31,142,406.8510363226225
31,143,464.75731549647526
31,144,526.732426669744
31,145,593.1927372327293
31,146,664.5889592063515
31,147,701.1891097011978
31,148,714.3819067486561
31,149,717.766436863576
31,150,708.8987202079729
31,151,677.3015051857974
31,152,646.0952051293696
31,153,615.6276585380788
31,154,586.1157902538126
31,155,557.6872353591847
32,1,5158.87956401725
32,2,5092.758481674561
32,3,4886.076281555376
32,4,4653.761398468743
32,5,4424.07056129309
32,6,4203.616341415381
32,7,3993.6228513913484
32,8,3793.988540583465
32,9,3604.3008214947126
32,10,3424.088707405082
32,11,8740.491177817836
32,12,10424.230263926062
32,13,10433.20966197954
32,14,10044.096906693007
32,15,9575.028993311467
32,16,9113.516410542372
32,17,8681.311307294805
32,18,8279.201123506176
32,19,7908.748319346743
32,20,7572.546026999022
32,21,7193.918796884948
32,22,6834.22295402835
32,23,6492.511938375617
32,24,6167.88652124112
32,25,5859.4924399553665
32,26,5566.518151220534
32,27,5288.192697396995
32,28,5023.783680290734
32,29,4772.595337361325
32,30,4533.966715630659
32,31,4307.269792143733
32,32,4091.9082253756537
32,33,3887.3154320523163
32,34,3692.9532247824236
32,35,3508.3104163823045
32,36,3332.901502703491
32,37,3166.2654231898387
32,38,3007.964399569048
32,39,2857.5828546145376
32,40,2714.7264149289076
32,41,2579.0124952525357
32,42,2450.0923695468136
32,43,2327.629275535449
32,44,2211.3043473191024
32,45,2100.816103118668
32,46,1995.8800969275903
32,47,1896.2287758718621
32,48,1801.6116010592407
32,49,1711.7955114163717
32,50,1626.565839538895
32,51,1545.5950037451005
32,52,1468.8019301512047
32,53,1396.024443825503
32,54,1327.1253653968283
32,55,1261.9973658597676
32,56,1200.5697854464597
32,57,1142.8181161223222
32,58,1088.7771006756604
32,59,1038.5587463662744
32,60,992.3770207842272
32,61,949.9218061434835
32,62,912.1790067928231
32,63,879.8491620904754
32,64,853.9362063111266
32,65,835.8546384112965
32,66,827.5755590397425
32,67,831.8256190332336
32,68,852.3580009443406
32,69,894.3214678847829
32,70,964.7629256442422
32,71,1060.456234056447
32,72,1203.3960979200735
32,73,1410.0294758077898
32,74,1634.345518993411
32,75,1878.401599302232
32,76,2228.021943883057
32,77,2720.5011347081963
32,78,3406.659090111053
32,79,4355.7283066317505
32,80,5374.881290284169
32,81,6322.512133130007
32,82,7350.480799106357
32,83,8468.18093041034
32,84,9685.94459313135
32,85,11015.14320718667
32,86,11276.986832375762
32,87,11611.061358787983
32,88,12022.71416502285
32,89,11924.130732040972
32,90,11883.244459611462
32,91,11664.505792460732
32,92,11496.123532029671
32,93,11486.126139673062
32,94,11680.806992438807
32,95,11946.497454339951
32,96,12506.081081511633
32,97,13159.160919813043
32,98,13913.817074898965
32,99,14779.06491334363
32,100,15188.72045032319
32,101,15469.317542958936
32,102,15222.628438635427
32,103,15178.703592904129
32,104,15396.245166755867
32,105,15889.322935250686
32,106,16490.350268138187
32,107,16837.241161702532
32,108,16806.024827411886
32,109,16861.487110834194
32,110,16808.864678605853
32,111,16638.347224847785
32,112,16289.044519296138
32,113,16007.881487869603
32,114,15796.771973440913
32,115,15658.09281352996
32,116,15594.719352684468
32,117,15610.065338763507
32,118,15708.127630678486
32,119,15893.536191677298
32,120,16171.609893592107
32,121,15906.385089234187
32,122,15850.844607145453
32,123,15433.000324995093
32,124,15046.430298687243
32,125,14818.395190058787
32,126,14791.291372741336
32,127,14840.493420219234
32,128,14970.055860015309
32,129,15184.656824456319
32,130,15489.653635206663
32,131,15713.582598176074
32,132,15736.043855710743
32,133,15842.23679105024
32,134,16036.884568075893
32,135,15946.26775270006
32,136,15934.860656460954
32,137,16006.544075630376
32,138,16165.828101300534
32,139,16198.676173883408
32,140,15850.360569920318
32,141,15494.745829624879
32,142,15202.786671605272
32,143,14976.117175500116
32,144,14816.795487135105
32,145,14727.335721081392
32,146,14710.743844202185
32,147,14770.5579266303
32,148,14910.893188774022
32,149,15136.492319450459
32,150,15452.781591555162
32,151,14784.332368428351
32,152,14071.16321411967
32,153,13374.11691944187
32,154,12707.039039976824
32,155,12072.094079604743
33,1,3226.6210676197
33,2,3598.933303977658
33,3,3718.3605243223215
33,4,3710.869333890159
33,5,3633.541743098619
33,6,3517.497584678838
33,7,3381.4290767227644
33,8,3236.5001870666533
33,9,3089.317642888507
33,10,2943.7324158728325
33,11,2796.5457950791906
33,12,2656.718505325231
33,13,2523.8825800589693
33,14,2397.6884510560208
33,15,2277.80402850322
33,16,2163.9138270780586
33,17,2055.7181357241557
33,18,1952.9322289379477
33,19,1855.2856174910505
33,20,1762.5213366164978
33,21,1674.395269785673
33,22,1590.6755062963894
33,23,1511.14173098157
33,24,1435.5846444324914
33,25,1363.8054122108667
33,26,1295.6151416003233
33,27,1230.8343845203071
33,28,1169.2926652942917
33,29,1110.8280320295771
33,30,1055.2866304280983
33,31,1002.5222989066933
33,32,952.3961839613586
33,33,904.7763747632907
33,34,859.5375560251262
33,35,816.5606782238699
33,36,775.7326443126764
33,37,736.9460120970425
33,38,700.0987114921903
33,39,665.0937759175808
33,40,631.8390871217018
33,41,600.2471327656167
33,42,570.2347761273359
33,43,541.7230373209691
33,44,514.6368854549206
33,45,488.90504118217456
33,46,464.45978912306583
33,47,441.23679966691253
33,48,419.1749596835669
33,49,398.21621169938857
33,50,378.3054011144191
33,51,359.39013105869816
33,52,341.4206245057632
33,53,324.34959328047506
33,54,308.1321136164513
33,55,292.72550793562874
33,56,278.0892325388473
33,57,264.18477091190493
33,58,250.97553236630966
33,59,238.4267557479942
33,60,226.50541796059449
33,61,215.18014706256477
33,62,204.42113970943652
33,63,194.2000827239647
33,64,184.49007858776645
33,65,175.26557465837814
33,66,166.50229592545924
33,67,158.17718112918627
33,68,150.26832207272696
33,69,142.7549059690906
33,70,135.61716067063605
33,71,128.83630263710427
33,72,122.39448750524905
33,73,116.2747631299866
33,74,110.46102497348726
33,75,104.9379737248129
33,76,99.69107503857225
33,77,94.70652128664365
33,78,89.97119522231147
33,79,85.47263546119589
33,80,81.19900368813609
33,81,77.13905350372929
33,82,73.28210082854282
33,83,69.61799578711567
33,84,66.13709599775989
33,85,62.83024119787189
33,86,59.68872913797829
33,87,56.70429268107938
33,88,53.86907804702541
33,89,51.17562414467414
33,90,48.61684293744043
33,91,46.18600079056841
33,92,43.876700751039984
33,93,41.682865713487985
33,94,39.598722427813584
33,95,37.618786306422905
33,96,35.737846991101755
33,97,33.95095464154667
33,98,32.25340690946934
33,99,30.640736563995873
33,100,29.108699735796076
33,101,27.653264749006276
33,102,26.27060151155596
33,103,24.957071435978165
33,104,23.709217864179255
33,105,22.523756970970293
33,106,21.39756912242178
33,107,20.32769066630069
33,108,19.311306132985653
33,109,18.34574082633637
33,110,17.428453785019553
33,111,16.557031095768576
33,112,15.729179540980146
33,113,14.94272056393114
33,114,14.195584535734582
33,115,13.485805308947853
33,116,12.81151504350046
33,117,12.170939291325437
33,118,11.562392326759165
33,119,10.984272710421207
33,120,10.435059074900146
33,121,9.91330612115514
33,122,9.417640815097382
33,123,8.946758774342513
33,124,8.499420835625386
33,125,8.074449793844117
33,126,7.670727304151911
33,127,7.287190938944315
33,128,6.922831391997099
33,129,6.576689822397244
33,130,6.247855331277381
33,131,5.935462564713512
33,132,5.6386894364778355
33,133,5.356754964653944
33,134,5.088917216421247
33,135,4.834471355600185
33,136,4.5927477878201755
33,137,4.363110398429167
33,138,4.144954878507709
33,139,3.937707134582323
33,140,3.7408217778532067
33,141,3.5537806889605466
33,142,3.376091654512519
33,143,3.2072870717868933
33,144,3.0469227181975485
33,145,2.8945765822876712
33,146,2.7498477531732877
33,147,2.612355365514623
33,148,2.4817375972388915
33,149,2.357650717376947
33,150,2.2397681815081
33,151,2.1277797724326946
33,152,2.02139078381106
33,153,1.9203212446205067
33,154,1.8243051823894814
33,155,1.7330899232700072
34,1,41758.2416712706
34,2,42087.08935868302
34,3,41459.37511081518
34,4,40288.63352973493
34,5,38825.46265684356
34,6,37221.009874998155
34,7,35565.75661570728
34,8,33939.26482505889
34,9,32354.266343010982
34,10,30819.138232250065
34,11,29301.137415227084
34,12,27850.10671825992
34,13,26466.17137453518
34,14,25148.099071035445
34,15,23893.893475537385
34,16,22701.15360953133
34,17,21567.290316602735
34,18,20489.655571564406
34,19,19465.61868293998
34,20,18492.61018755475
34,21,17697.770647119316
34,22,16892.184396787095
34,23,16096.028871264252
34,24,15320.832634928425
34,25,14572.879784797939
34,26,13857.578080877955
34,27,13172.851313164521
34,28,12519.18970280421
34,29,11896.273581351026
34,30,11303.319397496247
34,31,10864.398067663826
34,32,10398.313639346536
34,33,9925.527732644474
34,34,9458.047638699327
34,35,9002.739791596165
34,36,8563.353062798587
34,37,8141.753818996603
34,38,7738.679426152256
34,39,7354.197579987094
34,40,6987.985949449777
34,41,6765.138145276024
34,42,6504.20420041775
34,43,6226.238320426641
34,44,5943.792690053502
34,45,5664.240356081874
34,46,5391.804728902249
34,47,5128.798867128688
34,48,4876.38197669657
34,49,4635.0209631985
34,50,4405.082998782967
34,51,4311.774953352956
34,52,4173.75027554039
34,53,4012.454408444826
34,54,3840.787984144954
34,55,3666.4408818684738
34,56,3493.928831199749
34,57,3325.8372956222524
34,58,3163.5810283964415
34,59,3007.8677270829094
34,60,2858.980914043707
34,61,2843.189949449451
34,62,2778.724039533923
34,63,2687.258619554521
34,64,2581.9003363771412
34,65,2470.5271593642956
34,66,2357.8288455175534
34,67,2246.553338199896
34,68,2138.2680075493736
34,69,2033.824474626443
34,70,1933.6423399098433
34,71,1964.3438033357265
34,72,1943.9579808064007
34,73,1894.3150473925689
34,74,1834.6758376690382
34,75,1768.814503641348
34,76,1696.1818502091508
34,77,1621.0314895378642
34,78,1545.8814002147042
34,79,1473.5233439158073
34,80,1404.9460788843458
34,81,1334.6987749401285
34,82,1267.963836193122
34,83,1204.565644383466
34,84,1144.3373621642927
34,85,1087.120494056078
34,86,1032.764469353274
34,87,981.1262458856104
34,88,932.0699335913298
34,89,885.4664369117634
34,90,841.1931150661752
34,91,799.1334593128664
34,92,759.176786347223
34,93,721.2179470298619
34,94,685.1570496783687
34,95,650.8991971944503
34,96,618.3542373347277
34,97,587.4365254679914
34,98,558.0646991945918
34,99,530.1614642348623
34,100,503.6533910231191
34,101,609.5903339391604
34,102,675.8246433980372
34,103,713.3695294006792
34,104,730.3185736947136
34,105,732.6133283255547
34,106,724.6094219228463
34,107,709.4940490127128
34,108,686.9206715537285
34,109,662.0906552898841
34,110,638.8161684105887
34,111,736.5415434598457
34,112,778.9405043868928
34,113,788.4005884466724
34,114,784.6856428286206
34,115,767.2671668916059
34,116,742.2332661379239
34,117,713.2659014190667
34,118,682.5787727854051
34,119,651.49027183932
34,120,620.7734656778902
34,121,717.2562589259421
34,122,759.3090620306642
34,123,768.9500503363038
34,124,765.6170590014192
34,125,748.7911723835078
34,126,727.1767969309334
34,127,702.4906121880715
34,128,675.9758319831459
34,129,647.4375978811246
34,130,618.2799186178185
34,131,714.9084821137876
34,132,757.0915618179097
34,133,766.8512995548091
34,134,757.6010815478512
34,135,737.4964514696069
34,136,711.482412959606
34,137,682.5442313744118
34,138,652.4715785730533
34,139,622.3253350512589
34,140,592.7227202322864
34,141,690.0603184911932
34,142,733.138254205922
34,143,786.4442130165446
34,144,851.4429481813747
34,145,929.8413695401425
34,146,1023.6267726063184
34,147,1117.3520620801105
34,148,1168.367587865695
34,149,1188.786204341372
34,150,1187.4970622772494
34,151,1279.1531525736173
34,152,1307.4754013685872
34,153,1298.4846541250083
34,154,1298.9421746864546
34,155,1273.9433171986946
35,1,88476.1489432431
35,2,87937.10799217407
35,3,87526.02301755693
35,4,87529.6849867023
35,5,86582.7118603454
35,6,84938.88347662005
35,7,82794.53484766462
35,8,80301.14041691895
35,9,77575.16159608524
35,10,74705.75174689054
35,11,71243.04220638894
35,12,67914.18964636236
35,13,64718.1612491399
35,14,61653.16022741628
35,15,58716.781552209155
35,16,55906.14295842121
35,17,53217.99490460383
35,18,50648.81262801698
35,19,48194.87297802797
35,20,45852.31831911696
35,21,43583.80570566639
35,22,41425.24543699733
35,23,39371.64039636761
35,24,37418.171200750556
35,25,35560.197706946936
35,26,33793.258944789195
35,27,32113.07177188772
35,28,30515.52849854921
35,29,28996.69369244926
35,30,27552.294295368734
35,31,26176.39443986884
35,32,24869.042465923343
35,33,23626.84658818141
35,34,22446.579479342214
35,35,21325.170786660856
35,36,20259.632827574555
35,37,19247.267930829017
35,38,18285.43240601911
35,39,17371.574109283956
35,40,16503.349167459728
35,41,15760.980868458339
35,42,15043.799625541573
35,43,14352.26539471771
35,44,13686.56738179473
35,45,13046.673281011163
35,46,12432.370907203853
35,47,11843.303343162856
35,48,11278.998560915812
35,49,10736.863314255414
35,50,10218.6913343404
35,51,9795.679636216339
35,52,9381.148837634235
35,53,8976.50059527798
35,54,8582.803399387918
35,55,8200.84714243114
35,56,7831.189496457082
35,57,7471.251250462719
35,58,7122.448110112293
35,59,6785.712332167909
35,60,6463.019730089171
35,61,6227.695717228567
35,62,5991.482038108914
35,63,5756.246886463754
35,64,5523.502249668345
35,65,5294.459588057953
35,66,5066.6413176886335
35,67,4844.895992266042
35,68,4627.383610434361
35,69,4415.379913035652
35,70,4209.774090669186
35,71,4085.330562258515
35,72,3948.4374070497324
35,73,3808.680406565902
35,74,3663.3979793447647
35,75,3518.8733289179427
35,76,3373.1888920791916
35,77,3230.4283220959883
35,78,3089.185724819241
35,79,2950.604753720644
35,80,2815.5072367910834
35,81,2678.052995804602
35,82,2546.9928933525166
35,83,2422.0761849516084
35,84,2303.0547258547117
35,85,2189.532469729962
35,86,2081.4513742192426
35,87,1978.4715039133152
35,88,1880.4035115687918
35,89,1787.1156293526446
35,90,1698.3332335876873
35,91,1613.5909715224986
35,92,1533.0479778442889
35,93,1456.5124562891997
35,94,1383.7868687875853
35,95,1314.6831455724707
35,96,1249.0160289294463
35,97,1186.6226075629834
35,98,1127.340588795314
35,99,1071.0155939829583
35,100,1017.5007917214105
35,101,1049.6249351838478
35,102,1068.182689195873
35,103,1070.3970923399431
35,104,1060.4304676667712
35,105,1041.5111233294476
35,106,1016.1375733560051
35,107,986.2383655373471
35,108,954.8213227402607
35,109,922.3964805263922
35,110,889.385812555892
35,111,932.4696871863559
35,112,960.7829569715817
35,113,971.4192876181803
35,114,968.7912228989953
35,115,956.3249521891753
35,116,939.2982438631442
35,117,918.6860983426727
35,118,899.7897320317147
35,119,882.5411704400651
35,120,866.8763009782564
35,121,929.0206411326903
35,122,965.1668346002764
35,123,981.5821204557274
35,124,983.1424648323599
35,125,973.6360312534869
35,126,956.0007196967417
35,127,932.5100853865474
35,128,904.9188426284652
35,129,874.576727260347
35,130,843.6040762240423
35,131,886.1348906150608
35,132,914.3323065635883
35,133,925.3864488906856
35,134,923.568629690233
35,135,912.1957252458374
35,136,893.8386666559562
35,137,870.4856190906561
35,138,843.6696856920739
35,139,814.5688375437795
35,140,784.0840997613208
35,141,828.3633037413263
35,142,852.31264777626
35,143,860.879775108273
35,144,857.911887214266
35,145,846.3958798280344
35,146,828.6463024376517
35,147,806.452466914367
35,148,781.1935730943508
35,149,753.9287946582581
35,150,725.4677617965283
35,151,689.8316165408605
35,152,655.8389968529635
35,153,623.4377335822668
35,154,592.5717544889914
35,155,563.1826924042529
36,1,39885.113028917
36,2,40165.65592601819
36,3,39579.12222255918
36,4,38488.7592944574
36,5,37230.588498367564
36,6,35868.62619649024
36,7,34387.42433856638
36,8,32863.19652907597
36,9,31342.001332270862
36,10,29866.35034496791
36,11,37221.69647927699
36,12,40891.02643753656
36,13,42302.984354549364
36,14,42779.52576414135
36,15,42583.79910829841
36,16,41669.14017311107
36,17,40344.76505209775
36,18,38801.952979269256
36,19,37158.37169266605
36,20,35580.0296027323
36,21,33801.028122595686
36,22,32110.9767164659
36,23,30505.427880642605
36,24,28980.156486610475
36,25,27531.14866227995
36,26,26154.59122916595
36,27,24846.861667707653
36,28,23604.518584322268
36,29,22424.292655106157
36,30,21303.07802235085
36,31,20353.779271088006
36,32,19408.49977619279
36,33,18483.330705295142
36,34,17587.44911872538
36,35,16725.75475572348
36,36,15900.515826021287
36,37,15112.395539772713
36,38,14361.091703441882
36,39,13645.734581180917
36,40,12965.133766441328
36,41,12428.99059050711
36,42,11877.61200622416
36,43,11327.525746689456
36,44,10788.520922340298
36,45,10266.202040589105
36,46,9763.583916288288
36,47,9282.087206554274
36,48,8822.159400026809
36,49,8383.661776150626
36,50,7966.110153671317
36,51,7680.247455308119
36,52,7366.511838367943
36,53,7042.1092188403145
36,54,6717.455615642529
36,55,6398.7402459505465
36,56,6096.664098597858
36,57,5810.4240540755445
36,58,5539.258331356056
36,59,5282.444469451899
36,60,5030.915405144081
36,61,4898.912887603311
36,62,4728.681776170916
36,63,4538.944270454727
36,64,4341.182421364713
36,65,4142.36415306693
36,66,3946.6464783951155
36,67,3761.1821093091353
36,68,3585.4775448256382
36,69,3419.064744746577
36,70,3261.4998888351192
36,71,3223.0094758243736
36,72,3191.5515513028363
36,73,3166.9839175274333
36,74,3149.1800731361795
36,75,3155.5688402407204
36,76,3168.3559275912503
36,77,3187.4968472781184
36,78,3212.960628339367
36,79,3267.797464111444
36,80,3355.61984907486
36,81,3555.0248296106784
36,82,3805.338995441375
36,83,4114.11069751274
36,84,4490.1844229561775
36,85,4871.307411800524
36,86,5333.788071619353
36,87,5802.092585694006
36,88,6277.116624688804
36,89,6759.759737133323
36,90,7250.927150646452
36,91,7716.73724695391
36,92,8193.219453053425
36,93,8788.850050396512
36,94,9395.916072242271
36,95,10015.535642494731
36,96,10648.840264563016
36,97,11296.976993099799
36,98,12108.44684059437
36,99,13107.53683570161
36,100,14122.457336876105
36,101,15103.778732013245
36,102,16105.219272134746
36,103,17128.609593795783
36,104,18175.805102069746
36,105,19248.689500436525
36,106,20349.178339677244
36,107,21479.222592840695
36,108,22640.81226332201
36,109,23835.98003308432
36,110,25066.804958058576
36,111,25993.776124482956
36,112,27235.894365081585
36,113,28520.120782570015
36,114,29848.622745749468
36,115,31223.634438864574
36,116,32647.46070337043
36,117,34495.00997880425
36,118,36392.85860520107
36,119,38344.341364416876
36,120,40352.8661389404
36,121,41753.579679790695
36,122,43651.021108963265
36,123,46114.323431179495
36,124,49224.743127301655
36,125,53077.637165479246
36,126,57784.76945380313
36,127,63477.00127321674
36,128,69236.46178363592
36,129,76189.09216171662
36,130,84520.8074057654
36,131,91117.62245914238
36,132,97828.33383222079
36,133,104665.43992898276
36,134,113105.27979921884
36,135,121683.72526247724
36,136,132193.19747991647
36,137,144928.4246625611
36,138,155203.4002613955
36,139,158394.10326830228
36,140,157318.6937423725
36,141,150796.14919319446
36,142,144095.9605697476
36,143,137415.92431389325
36,144,130873.10420609423
36,145,124670.87212410891
36,146,118792.74999448392
36,147,113075.25091762251
36,148,107588.04776120391
36,149,102382.0336975742
36,150,97443.42925842763
36,151,92606.44525504448
36,152,87998.11515450366
36,153,83611.9544981606
36,154,79441.6628502689
36,155,75476.02100589065
37,1,6607.91825399198
37,2,6647.049931028728
37,3,6529.023436524372
37,4,6328.938875505112
37,5,6086.997685461641
37,6,5826.576393588818
37,7,5562.553586945378
37,8,5301.399325301288
37,9,5046.880035480519
37,10,4801.094334184268
37,11,4561.039617475054
37,12,4332.987636601301
37,13,4116.338254771236
37,14,3910.521342032674
37,15,3714.9952749310405
37,16,3529.2455111844884
37,17,3352.783235625264
37,18,3185.1440738440006
37,19,3025.8868701518004
37,20,2874.5925266442105
37,21,2730.862900312
37,22,2594.3197552963998
37,23,2464.6037675315797
37,24,2341.3735791550007
37,25,2224.3049001972504
37,26,2113.089655187388
37,27,2007.4351724280184
37,28,1907.0634138066173
37,29,1811.7102431162866
37,30,1721.124730960472
37,31,1635.0684944124487
37,32,1553.3150696918262
37,33,1475.649316207235
37,34,1401.8668503968731
37,35,1331.7735078770295
37,36,1265.1848324831778
37,37,1201.9255908590192
37,38,1141.8293113160682
37,39,1084.7378457502648
37,40,1030.5009534627516
37,41,978.975905789614
37,42,930.0271105001333
37,43,883.5257549751266
37,44,839.3494672263702
37,45,797.3819938650518
37,46,757.5128941717991
37,47,719.6372494632092
37,48,683.6553869900487
37,49,649.4726176405462
37,50,616.9989867585189
37,51,586.1490374205929
37,52,556.8415855495632
37,53,528.9995062720851
37,54,502.54953095848083
37,55,477.4220544105568
37,56,453.55095169002897
37,57,430.8734041055275
37,58,409.32973390025114
37,59,388.86324720523857
37,60,369.4200848449766
37,61,350.9490806027278
37,62,333.4016265725914
37,63,316.7315452439618
37,64,300.8949679817637
37,65,285.85021958267555
37,66,271.55770860354176
37,67,257.97982317336465
37,68,245.0808320146964
37,69,232.8267904139616
37,70,221.1854508932635
37,71,210.12617834860032
37,72,199.6198694311703
37,73,189.6388759596118
37,74,180.1569321616312
37,75,171.14908555354964
37,76,162.59163127587215
37,77,154.46204971207854
37,78,146.7389472264746
37,79,139.40199986515088
37,80,132.43189987189334
37,81,125.81030487829867
37,82,119.51978963438373
37,83,113.54380015266455
37,84,107.86661014503132
37,85,102.47327963777975
37,86,97.34961565589076
37,87,92.48213487309623
37,88,87.85802812944141
37,89,83.46512672296934
37,90,79.29187038682088
37,91,75.32727686747982
37,92,71.56091302410583
37,93,67.98286737290054
37,94,64.58372400425552
37,95,61.354537804042735
37,96,58.2868109138406
37,97,55.37247036814857
37,98,52.60384684974114
37,99,49.97365450725408
37,100,47.47497178189138
37,101,45.10122319279681
37,102,42.846162033156965
37,103,40.70385393149912
37,104,38.66866123492416
37,105,36.73522817317795
37,106,34.89846676451905
37,107,33.1535434262931
37,108,31.49586625497844
37,109,29.921072942229518
37,110,28.42501929511804
37,111,27.00376833036214
37,112,25.65357991384403
37,113,24.37090091815183
37,114,23.152355872244236
37,115,21.994738078632025
37,116,20.895001174700422
37,117,19.850251115965403
37,118,18.85773856016713
37,119,17.914851632158776
37,120,17.019109050550835
37,121,16.168153598023295
37,122,15.35974591812213
37,123,14.591758622216023
37,124,13.862170691105222
37,125,13.16906215654996
37,126,12.510609048722463
37,127,11.88507859628634
37,128,11.290824666472021
37,129,10.72628343314842
37,130,10.189969261491
37,131,9.680470798416449
37,132,9.196447258495626
37,133,8.736624895570845
37,134,8.299793650792303
37,135,7.884803968252688
37,136,7.490563769840053
37,137,7.116035581348051
37,138,6.760233802280648
37,139,6.422222112166615
37,140,6.101111006558284
37,141,5.79605545623037
37,142,5.506252683418851
37,143,5.230940049247908
37,144,4.9693930467855125
37,145,4.720923394446237
37,146,4.484877224723926
37,147,4.260633363487729
37,148,4.047601695313342
37,149,3.8452216105476755
37,150,3.6529605300202914
37,151,3.4703125035192772
37,152,3.2967968783433133
37,153,3.1319570344261476
37,154,2.9753591827048402
37,155,2.826591223569598
38,1,1596.91998473331
38,2,1639.6580396141217
38,3,1641.6452147038874
38,4,1618.5015510644573
38,5,1578.9454748127512
38,6,1529.0351030856482
38,7,1472.9643494546658
38,8,1413.6215569511367
38,9,1352.9814568894644
38,10,1292.3801463529035
38,11,1227.7611390352583
38,12,1166.3730820834953
38,13,1108.0544279793205
38,14,1052.6517065803544
38,15,1000.0191212513367
38,16,950.0181651887699
38,17,902.5172569293313
38,18,857.3913940828647
38,19,814.5218243787215
38,20,773.7957331597854
38,21,735.1059465017961
38,22,698.3506491767063
38,23,663.4331167178709
38,24,630.2614608819773
38,25,598.7483878378785
38,26,568.8109684459845
38,27,540.3704200236853
38,28,513.351899022501
38,29,487.68430407137595
38,30,463.3000888678071
38,31,440.1350844244168
38,32,418.12833020319596
38,33,397.22191369303613
38,34,377.3608180083843
38,35,358.4927771079651
38,36,340.5681382525668
38,37,323.5397313399385
38,38,307.36274477294154
38,39,291.99460753429446
38,40,277.39487715757974
38,41,263.5251332997007
38,42,250.34887663471565
38,43,237.8314328029799
38,44,225.93986116283088
38,45,214.64286810468934
38,46,203.91072469945487
38,47,193.7151884644821
38,48,184.029429041258
38,49,174.8279575891951
38,50,166.08655970973535
38,51,157.7822317242486
38,52,149.89312013803615
38,53,142.39846413113435
38,54,135.2785409245776
38,55,128.51461387834874
38,56,122.0888831844313
38,57,115.98443902520974
38,58,110.18521707394925
38,59,104.67595622025179
38,60,99.4421584092392
38,61,94.47005048877723
38,62,89.74654796433836
38,63,85.25922056612146
38,64,80.99625953781538
38,65,76.94644656092461
38,66,73.09912423287838
38,67,69.44416802123446
38,68,65.97195962017274
38,69,62.6733616391641
38,70,59.539693557205894
38,71,56.5627088793456
38,72,53.734573435378316
38,73,51.047844763609405
38,74,48.49545252542893
38,75,46.07067989915748
38,76,43.76714590419961
38,77,41.578788608989626
38,78,39.499849178540146
38,79,37.52485671961313
38,80,35.64861388363248
38,81,33.86618318945085
38,82,32.17287402997831
38,83,30.564230328479393
38,84,29.03601881205542
38,85,27.58421787145265
38,86,26.205006977880018
38,87,24.894756628986016
38,88,23.650018797536713
38,89,22.467517857659878
38,90,21.344141964776885
38,91,20.27693486653804
38,92,19.263088123211137
38,93,18.29993371705058
38,94,17.38493703119805
38,95,16.515690179638145
38,96,15.689905670656238
38,97,14.905410387123426
38,98,14.160139867767255
38,99,13.452132874378892
38,100,12.779526230659947
38,101,12.140549919126949
38,102,11.5335224231706
38,103,10.956846302012071
38,104,10.409003986911467
38,105,9.888553787565893
38,106,9.394126098187598
38,107,8.924419793278219
38,108,8.478198803614307
38,109,8.054288863433593
38,110,7.6515744202619125
38,111,7.268995699248817
38,112,6.905545914286376
38,113,6.560268618572057
38,114,6.232255187643454
38,115,5.9206424282612815
38,116,5.624610306848218
38,117,5.343379791505806
38,118,5.076210801930515
38,119,4.82240026183399
38,120,4.58128024874229
38,121,4.352216236305176
38,122,4.134605424489917
38,123,3.927875153265421
38,124,3.7314813956021498
38,125,3.5449073258220425
38,126,3.36766195953094
38,127,3.1992788615543932
38,128,3.0393149184766735
38,129,2.88734917255284
38,130,2.742981713925198
38,131,2.605832628228938
38,132,2.4755409968174913
38,133,2.3517639469766167
38,134,2.2341757496277856
38,135,2.1224669621463965
38,136,2.0163436140390765
38,137,1.9155264333371227
38,138,1.8197501116702666
38,139,1.7287626060867531
38,140,1.6423244757824154
38,141,1.5602082519932947
38,142,1.48219783939363
38,143,1.4080879474239485
38,144,1.337683550052751
38,145,1.2707993725501134
38,146,1.2072594039226077
38,147,1.1468964337264773
38,148,1.0895516120401534
38,149,1.0350740314381457
38,150,0.9833203298662384
38,151,0.9341543133729264
38,152,0.88744659770428
38,153,0.843074267819066
38,154,0.8009205544281127
38,155,0.7608745267067071
39,1,3422.54676623882
39,2,3654.7538493689713
39,3,3684.170062579063
39,4,3612.9547296145006
39,5,3494.2272503838617
39,6,3353.856862535566
39,7,3205.209523961268
39,8,3055.5116845880098
39,9,2908.5941387416465
39,10,2766.4132998917967
39,11,2628.0926348972066
39,12,2496.688003152346
39,13,2371.853602994729
39,14,2253.2609228449924
39,15,2140.5978767027427
39,16,2033.5679828676055
39,17,1931.8895837242253
39,18,1835.295104538014
39,19,1743.5303493111132
39,20,1656.3538318455576
39,21,1576.8180980715642
39,22,1499.775706052406
39,23,1425.7329385269904
39,24,1354.9438969514508
39,25,1287.458442518404
39,26,1223.2231958505242
39,27,1162.1344533489275
39,28,1104.06582217651
39,29,1048.8825671940697
39,30,996.4491100752789
39,31,946.6266545715149
39,32,899.2953218429391
39,33,854.3305557507922
39,34,811.6140279632525
39,35,771.03332656509
39,36,732.4816602368354
39,37,695.8575772249936
39,38,661.0646983637439
39,39,628.0114634455567
39,40,596.6108902732789
39,41,570.0645857608358
39,42,543.2888667134363
39,43,517.0330937643422
39,44,491.659399699465
39,45,467.32783700236854
39,46,444.09368538567327
39,47,421.9585594791702
39,48,400.8972192040343
39,49,380.8716033734132
39,50,361.83814614290196
39,51,346.9482484798251
39,52,331.3766706044341
39,53,315.78099440684537
39,54,300.5252349047859
39,55,285.7912161991656
39,56,271.6618045749185
39,57,258.1664760999423
39,58,245.306245736011
39,59,233.06623059921108
39,60,221.42622537015083
39,61,213.5607435124114
39,62,204.5901310809659
39,63,195.30756229003708
39,64,186.0673558589613
39,65,177.05524828164133
39,66,168.3640187831466
39,67,160.035403998974
39,68,152.08331828057985
39,69,144.5056143214268
39,70,137.2942525936202
39,71,133.64258784564475
39,72,128.7424148085564
39,73,123.2935670627191
39,74,117.67698491238306
39,75,112.09710982083674
39,76,106.66083839564368
39,77,101.42129319878124
39,78,96.40208182137346
39,79,91.61073556079664
39,80,87.04532540159552
39,81,85.90527325735067
39,82,83.39150354867118
39,83,80.20994491823032
39,84,76.74740164928095
39,85,73.2139268424401
39,86,69.72177082017872
39,87,66.32915474056449
39,88,63.06453683062576
39,89,59.93891988100235
39,90,56.95649669009577
39,91,57.32309345886571
39,92,56.23965700709859
39,93,54.40460374194821
39,94,52.20468625193073
39,95,49.87958329780689
39,96,47.543737983281495
39,97,45.25320843356756
39,98,43.03860817832946
39,99,40.91333193785736
39,100,38.88244774272941
39,101,36.938325355592944
39,102,35.0914090878133
39,103,33.33683863342263
39,104,31.669996701751497
39,105,30.08649686666392
39,106,28.582172023330724
39,107,27.153063422164188
39,108,25.795410251055976
39,109,24.505639738503177
39,110,23.280357751578016
39,111,25.412394877125596
39,112,25.969767243549263
39,113,25.68508330573306
39,114,24.96308507419716
39,115,24.02675796134547
39,116,22.998359395598136
39,117,21.94435357952287
39,118,20.900328780991316
39,119,19.88481311343632
39,120,18.906933585635393
39,121,17.961586906353624
39,122,17.06350756103594
39,123,16.210332182984146
39,124,15.399815573834939
39,125,14.629824795143191
39,126,13.898333555386031
39,127,13.20341687761673
39,128,12.543246033735894
39,129,11.916083732049099
39,130,11.320279545446644
39,131,10.754265568174311
39,132,10.216552289765595
39,133,9.705724675277315
39,134,9.22043844151345
39,135,8.759416519437776
39,136,8.321445693465886
39,137,7.905373408792593
39,138,7.510104738352963
39,139,7.134599501435314
39,140,6.777869526363548
39,141,6.438976050045371
39,142,6.117027247543102
39,143,5.811175885165947
39,144,5.52061709090765
39,145,5.2445862363622675
39,146,4.9823569245441535
39,147,4.733239078316946
39,148,4.496577124401099
39,149,4.271748268181043
39,150,4.058160854771991
39,151,3.8552528120333913
39,152,3.6624901714317217
39,153,3.4793656628601357
39,154,3.305397379717129
39,155,3.1401275107312725
40,1,57517.601730965
40,2,57151.17970147108
40,3,56150.61967861774
40,4,55429.42702874126
40,5,54386.48698706827
40,6,53099.25082785439
40,7,51630.77335199228
40,8,50032.23756118477
40,9,48345.04356654779
40,10,46602.536604635745
40,11,44512.47499575543
40,12,42464.499509767746
40,13,40472.73424949142
40,14,38546.37772627377
40,15,36699.65547675945
40,16,34931.447016509745
40,17,33234.28765773959
40,18,31609.138888973546
40,19,30055.740498974363
40,20,28572.976804318267
40,21,27190.55528877298
40,22,25865.23574459059
40,23,24597.288040350697
40,24,23386.15605974549
40,25,22230.71024860334
40,26,21129.432610138563
40,27,20083.577879185817
40,28,19087.25549089662
40,29,18138.706530547657
40,30,17236.073426525218
40,31,16423.704046668146
40,32,15639.10022002194
40,33,14884.21542702937
40,34,14160.036617004213
40,35,13466.858437535471
40,36,12804.485017680985
40,37,12172.378198293429
40,38,11569.766187686162
40,39,10995.722983789334
40,40,10449.226212660602
40,41,9975.591727266465
40,42,9512.943991579921
40,43,9064.034361501743
40,44,8630.618444857259
40,45,8213.729015673045
40,46,7813.877269752792
40,47,7431.201087864068
40,48,7065.574117854061
40,49,6716.6858944049245
40,50,6384.100556692917
40,51,6113.855592039571
40,52,5844.393259191754
40,53,5578.984126830246
40,54,5319.874713131312
40,55,5068.562424030256
40,56,4825.9985732798195
40,57,4592.738204749625
40,58,4369.050569011153
40,59,4155.000503689863
40,60,3950.5083012210266
40,61,3802.155084377822
40,62,3648.4347568401363
40,63,3492.9397147422223
40,64,3338.2184838557396
40,65,3186.0526182524172
40,66,3037.6613306960003
40,67,2893.8526582447917
40,68,2755.135076954409
40,69,2621.7998613068635
40,70,2493.9818065096492
40,71,2418.590630392481
40,72,2334.1489553870097
40,73,2244.4425214381317
40,74,2152.2011455933753
40,75,2059.376843481797
40,76,1967.3494601320945
40,77,1877.0786666555364
40,78,1789.216276174994
40,79,1704.1892040768978
40,80,1622.2607127389365
40,81,1541.1476771019895
40,82,1464.09029324689
40,83,1390.8857785845455
40,84,1321.3414896553181
40,85,1255.2744151725524
40,86,1192.5106944139247
40,87,1132.8851596932284
40,88,1076.240901708567
40,89,1022.4288566231386
40,90,971.3074137919816
40,91,972.7288304524253
40,92,961.082611568838
40,93,940.4012457432814
40,94,913.6370293732523
40,95,882.9445038832696
40,96,849.8893799133292
40,97,815.6030658235879
40,98,780.8969471627931
40,99,746.346885431138
40,100,712.7534710511236
40,101,727.191130262615
40,102,727.8873199948795
40,103,718.914206216728
40,104,703.26022254987
40,105,683.1130891389205
40,106,660.069184192217
40,107,635.2884196201857
40,108,609.6087926709853
40,109,583.6311006209745
40,110,558.1800719628874
40,111,580.4108172043673
40,112,592.9310582577775
40,113,597.70104316033
40,114,593.2842289857401
40,115,584.720452705722
40,116,571.098752095695
40,117,554.0984127896018
40,118,538.3525013892676
40,119,523.8124508823201
40,120,506.78123351446595
40,121,533.9022480003453
40,122,546.0275919599139
40,123,550.8889604558351
40,124,549.9913492288534
40,125,544.5686860527396
40,126,535.6309669504975
40,127,522.3845478512649
40,128,507.4791750409117
40,129,491.39589481022716
40,130,474.5234272246634
40,131,502.7435087290854
40,132,520.6438037918265
40,133,542.964211708081
40,134,565.8609401622275
40,135,574.6011480433835
40,136,573.2756992592722
40,137,564.8913246736714
40,138,551.6535221192363
40,139,535.1758511359184
40,140,516.6347623698789
40,141,540.3415863332907
40,142,564.5969187713986
40,143,578.8462659716577
40,144,585.0979641885946
40,145,585.001304519773
40,146,579.9088399246782
40,147,570.9279700511399
40,148,557.1923549193776
40,149,540.2927168677968
40,150,521.3884659982541
40,151,546.1347296021888
40,152,556.4316014309263
40,153,556.436691507927
40,154,551.6692531506017
40,155,541.1460436944441
41,1,78920.5718240008
41,2,77497.54267465654
41,3,75209.63218985098
41,4,72475.4419122197
41,5,69557.75825292927
41,6,66578.15694979423
41,7,63571.49105267554
41,8,60620.3226444186
41,9,57749.78702828441
41,10,54975.548777072596
41,11,52231.69874483044
41,12,49623.59107843464
41,13,47144.86543454873
41,14,44789.35388713358
41,15,42551.10827062407
41,16,40424.415277429616
41,17,38403.80312358979
41,18,36484.042463509635
41,19,34660.11809546159
41,20,32927.29181492943
41,21,31399.505025004783
41,22,29911.11130071996
41,23,28473.12781926346
41,24,27090.100047682336
41,25,25764.26666199613
41,26,24496.28688880004
41,27,23285.751367584093
41,28,22131.540364754102
41,29,21032.074378824476
41,30,19985.488915383066
41,31,19101.467918228907
41,32,18225.688894964576
41,33,17370.36248899342
41,34,16541.33395250873
41,35,15742.13505711018
41,36,14974.694612286183
41,37,14239.838395249712
41,38,13537.640542519106
41,39,12867.670188497548
41,40,12229.164246782444
41,41,11733.33178608543
41,42,11226.215713910928
41,43,10721.04372815386
41,44,10224.608692862752
41,45,9741.336081762587
41,46,9273.999113748734
41,47,8824.222503378913
41,48,8392.83708300061
41,49,7980.129228721335
41,50,7586.0160909940605
41,51,7322.585596379294
41,52,7036.175089795565
41,53,6740.623873577893
41,54,6443.293624657624
41,55,6149.145900140905
41,56,5861.460171488456
41,57,5582.339957290471
41,58,5313.069446417399
41,59,5054.364639966398
41,60,4806.140110186121
41,61,4681.87938399145
41,62,4527.625254960346
41,63,4357.586967419217
41,64,4179.468856651757
41,65,3998.5549191959603
41,66,3818.4287661805633
41,67,3641.4813120123995
41,68,3469.2686870199873
41,69,3302.7644713061995
41,70,3142.53736833317
41,71,3102.0096909467175
41,72,3027.129449828163
41,73,2932.384403124446
41,74,2825.7158661465974
41,75,2712.623269958246
41,76,2596.888045667197
41,77,2481.0842076821205
41,78,2366.938423523313
41,79,2255.58387873434
41,80,2147.739204814065
41,81,2157.0647893323635
41,82,2129.5097806599383
41,83,2079.7007530984033
41,84,2015.705237303894
41,85,1943.140581015591
41,86,1865.898833320424
41,87,1786.6581057070584
41,88,1707.2432592786647
41,89,1628.7047208083193
41,90,1551.9641384194917
41,91,1590.6811447555863
41,92,1593.2307335133207
41,93,1571.4956258166885
41,94,1533.7995254563582
41,95,1485.9576343161973
41,96,1432.0178462785032
41,97,1374.7836606732246
41,98,1316.1830625638552
41,99,1257.528708816735
41,100,1199.7014152991212
41,101,1256.3220319734996
41,102,1273.7306433330868
41,103,1266.658691101078
41,104,1243.2786656059034
41,105,1209.309500249165
41,106,1168.741072960361
41,107,1124.3453658909255
41,108,1078.037075876885
41,109,1031.1279880555935
41,110,984.3826116419302
41,111,1051.7986934743146
41,112,1079.4537849417616
41,113,1082.1100106424922
41,114,1067.9675353890432
41,115,1042.7710655587523
41,116,1010.0354242549575
41,117,973.2262880223625
41,118,933.9855064875894
41,119,893.7675577752553
41,120,853.5383325955797
41,121,927.3332665497703
41,122,961.0992364240527
41,123,969.59387385334
41,124,961.0212323517436
41,125,941.132577465395
41,126,913.9501590223603
41,127,880.75352943186
41,128,845.5377228193549
41,129,809.4864302379457
41,130,773.4055101010288
41,131,850.7871695039127
41,132,890.1456614932471
41,133,903.4336914914035
41,134,894.6152588396362
41,135,875.5389857795766
41,136,849.8664100002702
41,137,819.8288984749113
41,138,787.6275179445795
41,139,754.4492904897825
41,140,720.7384020630142
41,141,800.4268424124497
41,142,840.0245482832064
41,143,848.1037020556236
41,144,837.1990767191996
41,145,815.1529749762783
41,146,788.027256467475
41,147,758.0046616492286
41,148,726.7230251479855
41,149,695.057617497952
41,150,663.5182082249221
41,151,630.3422978136759
41,152,598.8251829229921
41,153,568.8839237768425
41,154,540.4397275880003
41,155,513.4177412086003
42,1,13634.8892561136
42,2,13800.78148503949
42,3,13793.93758432316
42,4,13698.962103669779
42,5,13531.718975935188
42,6,13305.795210007695
42,7,13032.806879695007
42,8,12722.664930688647
42,9,12383.806036982902
42,10,12023.393059271131
42,11,11594.633817733986
42,12,11153.864918456975
42,13,10717.13878263036
42,14,10278.781334236406
42,15,9843.426857059065
42,16,9414.5946933709
42,17,8999.001714165302
42,18,8593.491853360174
42,19,8199.636081964092
42,20,7818.52424781106
42,21,7450.548539761361
42,22,7097.999526802006
42,23,6760.490759873899
42,24,6437.605269673345
42,25,6127.92707871095
42,26,5832.152628905169
42,27,5549.791365004873
42,28,5280.350759702519
42,29,5023.33984396353
42,30,4778.272116430617
42,31,4557.58965592984
42,32,4345.580385135064
42,33,4142.116385425805
42,34,3946.1454719097947
42,35,3757.8129323530607
42,36,3577.1559213706446
42,37,3404.1284356241135
42,38,3238.6212439624405
42,39,3080.477761240662
42,40,2929.5066622365616
42,41,2783.532099788873
42,42,2644.7591159547255
42,43,2512.8464788081583
42,44,2387.466361700592
42,45,2268.3043823228336
42,46,2155.059502204752
42,47,2047.443820326951
42,48,1945.1822876559472
42,49,1848.0123638994971
42,50,1755.6836333493582
42,51,1683.7792821173355
42,52,1612.3894613424375
42,53,1542.0860978000767
42,54,1473.29657718703
42,55,1406.333464454906
42,56,1341.4183744307063
42,57,1278.7011317671984
42,58,1218.2751380816087
42,59,1160.189685877161
42,60,1104.459815171207
42,61,1065.5662344074847
42,62,1025.4494271429496
42,63,984.7851283772087
42,64,944.0960590670219
42,65,903.7827069232618
42,66,864.148080929629
42,67,825.417611421287
42,68,787.755140087963
42,69,751.2757609291835
42,70,716.0561254262931
42,71,696.6545578096978
42,72,678.5674945856816
42,73,661.7364434808619
42,74,646.105988727397
42,75,631.6236404274375
42,76,618.2396915163406
42,77,605.9070819461143
42,78,594.5812697295166
42,79,584.220108503244
42,80,570.6196322998054
42,81,566.6753166845192
42,82,558.1584036460546
42,83,546.2228668171357
42,84,531.7854644591062
42,85,516.402782761702
42,86,499.6151563932111
42,87,481.91460386584356
42,88,465.7215365173354
42,89,451.0138002094816
42,90,435.9305556199378
42,91,433.6854400942768
42,92,427.75960636736363
42,93,419.0729273009028
42,94,408.356529744895
42,95,396.1899257977343
42,96,383.03091487515536
42,97,371.09847099761015
42,98,358.82777562226767
42,99,345.95147474983196
42,100,332.7363618667345
42,101,334.40296677212575
42,102,332.43537737049417
42,103,327.7041710051711
42,104,320.90275583249297
42,105,312.58215550319824
42,106,303.1790249226762
42,107,293.0382112954205
42,108,282.4309196514653
42,109,271.5693365190695
42,110,260.61839975035906
42,111,264.1602805656261
42,112,264.30994398438946
42,113,261.86073480748803
42,114,257.44532621310196
42,115,251.56722818811343
42,116,244.62616641695502
42,117,237.30212743120154
42,118,229.39228014372742
42,119,221.96098566139284
42,120,214.11782191535372
42,121,220.48275793269877
42,122,226.8879345185519
42,123,229.59156526550973
42,124,229.43469714537986
42,125,227.08906666348625
42,126,223.0902534568645
42,127,217.86438672602262
42,128,211.74965601897458
42,129,205.01363505320387
42,130,198.6952958342604
42,131,205.92249700037488
42,132,209.4589167123651
42,133,210.13500179372602
42,134,208.61437062312496
42,135,205.42646394075143
42,136,200.99284709383272
42,137,196.02492811691957
42,138,191.7398924376521
42,139,186.95475925325613
42,140,181.7870416719254
42,141,190.5094484867751
42,142,196.48911218353356
42,143,199.16179628796127
42,144,200.0824665942558
42,145,199.54830394960592
42,146,197.20367706428632
42,147,193.49552059067355
42,148,190.10196451571304
42,149,185.65952957331336
42,150,180.45705970105678
42,151,172.79358062396685
42,152,165.24955696258658
42,153,157.87017734253064
42,154,150.68844564723125
42,155,143.72771576536238
43,1,640193.185686861
43,2,634085.859787374
43,3,629449.5051851799
43,4,628081.9910001367
43,5,621394.0644920608
43,6,610616.3393348831
43,7,596745.2363614952
43,8,580585.5997319659
43,9,562785.6500251634
43,10,543865.6476836177
43,11,519541.0034304702
43,12,495919.1051645251
43,13,473056.72962077876
43,14,451121.2986421409
43,15,430090.63327726646
43,16,409838.4546581011
43,17,390374.7137748931
43,18,371769.2092050493
43,19,353991.88062460464
43,20,336958.22586669656
43,21,320591.82894420746
43,22,304957.56079546135
43,23,290034.2431837275
43,24,275798.9951359613
43,25,262227.81241463916
43,26,249296.02953003295
43,27,236978.68600489057
43,28,225250.81468271196
43,29,214087.66665356854
43,30,203464.88473168865
43,31,193387.69154846162
43,32,183797.16488584495
43,33,174672.04898960877
43,34,165991.60000788237
43,35,157735.6590045143
43,36,149887.63621144713
43,37,142425.07648990193
43,38,135329.94860049814
43,39,128586.65622602132
43,40,122177.93414505808
43,41,116344.15594052503
43,42,110752.82043423178
43,43,105400.62056321198
43,44,100282.83671976934
43,45,95393.68982243433
43,46,90726.6261759471
43,47,86274.54658059464
43,48,82035.65162344668
43,49,77995.30641958928
43,50,74145.98118538538
43,51,70721.27453771127
43,52,67417.21918074533
43,53,64236.837093412076
43,54,61181.378392410465
43,55,58250.70004195219
43,56,55443.57369713678
43,57,52757.93551990863
43,58,50191.08850067635
43,59,47739.86592594508
43,60,45400.76307874622
43,61,43412.446228242494
43,62,41473.11710694934
43,63,39589.352960689546
43,64,37765.78640581605
43,65,36005.491883010414
43,66,34310.301017595215
43,67,32681.059708007153
43,68,31117.83746420728
43,69,29620.097629850912
43,70,28186.8355722575
43,71,27060.259119011083
43,72,26002.735928068483
43,73,25011.385936098366
43,74,24083.498849926258
43,75,23216.526817541228
43,76,22408.07751773046
43,77,21655.907649758214
43,78,20957.91680554072
43,79,20312.141707756273
43,80,19626.675751954874
43,81,18840.34634978995
43,82,18058.427632740797
43,83,17286.94720206528
43,84,16530.512862701427
43,85,15792.58380959341
43,86,15075.692419525953
43,87,14381.625532688082
43,88,13724.949288228334
43,89,13089.936355232308
43,90,12477.50308776273
43,91,11870.034222493035
43,92,11291.104577363383
43,93,10739.492257511973
43,94,10214.013536425058
43,95,9713.523510690517
43,96,9236.230279698178
43,97,8781.301163182408
43,98,8348.349050455374
43,99,7936.361116065387
43,100,7545.2169067108725
43,101,7440.017765207863
43,102,7291.37953579398
43,103,7110.191301917264
43,104,6905.237326752961
43,105,6683.581599749124
43,106,6450.883160154726
43,107,6211.654607909691
43,108,5969.473989845384
43,109,5727.158424577012
43,110,5486.906331545981
43,111,5449.391212009779
43,112,5371.359243180032
43,113,5262.424543864809
43,114,5130.3622254663105
43,115,4981.443478313478
43,116,4820.7103823407215
43,117,4652.20124621482
43,118,4484.009117276804
43,119,4312.695784711973
43,120,4140.481323704859
43,121,4219.71890468826
43,122,4262.990554469037
43,123,4258.586512253056
43,124,4263.79621899571
43,125,4229.698553609631
43,126,4165.248277436953
43,127,4110.637074390759
43,128,4031.2528647590834
43,129,3961.5145095929456
43,130,3871.666524620259
43,131,3998.1810526042946
43,132,4082.582914087886
43,133,4111.873028870927
43,134,4097.916590287564
43,135,4050.3549125313966
43,136,3977.008505498318
43,137,3884.2077492086582
43,138,3777.0641399851206
43,139,3659.6927579183557
43,140,3535.3946982920133
43,141,3642.610196824518
43,142,3693.631563643365
43,143,3700.3676761991173
43,144,3672.503216484994
43,145,3617.9014273434227
43,146,3542.9345441277305
43,147,3452.754859393708
43,148,3351.517058293834
43,149,3242.560557654257
43,150,3128.5590179894134
43,151,2984.8358381123467
43,152,2846.024663216123
43,153,2712.286966620029
43,154,2583.7032818086564
43,155,2460.2902924678388
44,1,14196.4754496756
44,2,13950.857104433147
44,3,13573.615994008005
44,4,13115.943398217201
44,5,12612.641889003962
44,6,12087.231800435122
44,7,11555.473394471504
44,8,11035.462817984582
44,9,10529.645994064436
44,10,10034.87355307678
44,11,9534.078480562213
44,12,9058.029094080199
44,13,8605.579270282997
44,14,8175.611932094544
44,15,7767.046356964546
44,16,7378.842403933883
44,17,7010.002655461308
44,18,6659.573159177884
44,19,6326.643240396843
44,20,6010.34470840972
44,21,5709.827472989234
44,22,5424.336099339772
44,23,5153.119294372783
44,24,4895.463329654143
44,25,4650.690163171436
44,26,4418.155655012864
44,27,4197.247872262221
44,28,3987.3854786491097
44,29,3788.016204716654
44,30,3598.615394480821
44,31,3434.4068898337164
44,32,3273.5349082451157
44,33,3117.3435332359886
44,34,2966.6412621523477
44,35,2821.8729838936597
44,36,2683.238346244738
44,37,2550.7731468990764
44,38,2424.405224951059
44,39,2303.992771127393
44,40,2189.350519693505
44,41,2095.1306592838882
44,42,2000.8950155664998
44,43,1908.109678368471
44,44,1817.7131898204516
44,45,1730.2837371350079
44,46,1646.1543329741069
44,47,1565.4921163855377
44,48,1488.3529056077546
44,49,1414.7186829059976
44,50,1344.523310339953
44,51,1292.5919139997554
44,52,1238.5157090317398
44,53,1183.8717631852137
44,54,1129.7026443534448
44,55,1076.684395971742
44,56,1025.242326019974
44,57,975.6307931132802
44,58,927.9881559996867
44,59,882.374590953731
44,60,838.7980929063241
44,61,812.2104538700811
44,62,782.1929944468375
44,63,750.3925583809754
44,64,717.9162878848975
44,65,685.5003901125027
44,66,653.626513075954
44,67,622.6019757258192
44,68,592.6150608690556
44,69,563.7731047369767
44,70,536.1287193689759
44,71,524.7093121376057
44,72,514.5071304748014
44,73,505.4884558207886
44,74,497.6223955380049
44,75,490.8807894947072
44,76,485.23812333038563
44,77,480.67144815331756
44,78,477.1603064366598
44,79,474.68666389485736
44,80,473.23484713690624
44,81,484.1922314298642
44,82,487.5255970209544
44,83,485.0625098004581
44,84,478.24352036730187
44,85,466.36089822817473
44,86,451.3432454934402
44,87,434.50335382067345
44,88,416.73000284495436
44,89,398.62025623627375
44,90,381.5305206064369
44,91,377.8619762975347
44,92,369.60038487043744
44,93,358.45610572448345
44,94,345.5949611055811
44,95,331.80775891075405
44,96,317.62722760892825
44,97,303.40866731264305
44,98,289.3855666950821
44,99,275.70794795649715
44,100,262.468795680029
44,101,264.7777241288823
44,102,263.8168300884974
44,103,260.39435915138927
44,104,255.14635681717698
44,105,247.7515227564346
44,106,239.0640604268932
44,107,229.663935933262
44,108,219.94236332072114
44,109,210.34679335557277
44,110,200.7965219464066
44,111,206.22097840379914
44,112,206.5802844463318
44,113,203.61381514829384
44,114,198.5132803886314
44,115,192.62938848101152
44,116,185.786741814111
44,117,178.42169242583898
44,118,170.82836631922618
44,119,163.20310137839348
44,120,155.80356318765766
44,121,148.01338502827477
44,122,140.61271577686102
44,123,133.58207998801797
44,124,126.90297598861706
44,125,120.55782718918621
44,126,114.5299358297269
44,127,108.80343903824055
44,128,103.36326708632852
44,129,98.1951037320121
44,130,93.2853485454115
44,131,104.38099223766014
44,132,110.03628129824538
44,133,112.03776091733623
44,134,111.61314551343155
44,135,109.60480636071385
44,136,106.58946554751633
44,137,102.96077292847885
44,138,98.98627293630835
44,139,94.84670096092782
44,140,90.66308766617149
44,141,101.44740869977352
44,142,106.94409630244701
44,143,108.88954153331157
44,144,108.47699298837696
44,145,106.52517402585246
44,146,103.59461649851694
44,147,100.06791948362151
44,148,96.20511683836142
44,149,92.18187039339882
44,150,88.11581335762816
44,151,83.71002268974675
44,152,79.52452155525941
44,153,75.54829547749644
44,154,71.77088070362161
44,155,68.18233666844053
45,1,8621.43049353225
45,2,8679.83001164633
45,3,8593.852422488197
45,4,8411.59769238638
45,5,8166.946148284125
45,6,7883.6838909775515
45,7,7590.593433925664
45,8,7292.767720874446
45,9,6994.162474207667
45,10,6697.8223337417285
45,11,6382.1830136889075
45,12,6076.761890411423
45,13,5782.6559833772035
45,14,5500.442769511138
45,15,5230.340456185869
45,16,4972.321429058429
45,17,4726.192432535307
45,18,4491.651121183627
45,19,4268.325833730033
45,20,4055.803460022103
45,21,3857.98071831319
45,22,3668.6135260462793
45,23,3487.693990578225
45,24,3315.094712182473
45,25,3150.609410999025
45,26,2993.981508325729
45,27,2844.924158669745
45,28,2703.1342177518322
45,29,2568.3019127123143
45,30,2440.117469634679
45,31,2323.496499873257
45,32,2211.150341424726
45,33,2103.3150062670784
45,34,2000.0847272942858
45,35,1901.456611052711
45,36,1807.3622019076274
45,37,1717.6897494330155
45,38,1632.2998745297318
45,39,1551.036550339354
45,40,1473.73475986256
45,41,1405.4338962004433
45,42,1338.99155803977
45,43,1274.7646527154689
45,44,1212.962240282431
45,45,1153.6904964324544
45,46,1096.9845693755387
45,47,1042.8311239174686
45,48,991.1842694422077
45,49,941.9767888934527
45,50,895.1280315572858
45,51,855.7696449142726
45,52,816.819151287238
45,53,778.707003630757
45,54,741.7118372937224
45,55,706.005716142478
45,56,671.6862340126113
45,57,638.7992737265105
45,58,607.3551268959156
45,59,577.3398963355444
45,60,548.7235473514929
45,61,526.7069993775218
45,62,504.22500590749775
45,63,481.7534920828067
45,64,459.6137701093225
45,65,438.018075924253
45,66,417.1019030898423
45,67,396.94695164919136
45,68,377.5974062472729
45,69,359.07147328527395
45,70,341.36954907711953
45,71,329.7339905054788
45,72,317.1100963054599
45,73,304.00104607644323
45,74,290.7537229834493
45,75,277.6044273031757
45,76,264.71135156140406
45,77,252.17764452156206
45,78,240.0677851381642
45,79,228.46770614271023
45,80,217.33107443146864
45,81,206.46452070989523
45,82,196.14129467440046
45,83,186.33422994068044
45,84,177.01751844364642
45,85,168.1666425214641
45,86,159.75831039539088
45,87,151.77039487562135
45,88,144.1818751318403
45,89,136.97278137524827
45,90,130.12414230648585
45,91,123.61793519116156
45,92,117.43703843160348
45,93,111.56518651002331
45,94,105.98692718452214
45,95,100.68758082529604
45,96,95.65320178403122
45,97,90.87054169482967
45,98,86.32701461008818
45,99,82.01066387958377
45,100,77.91013068560459
45,101,79.56905201212663
45,102,79.53979762055071
45,103,78.37068766614381
45,104,76.44855591066388
45,105,74.04557038351588
45,106,71.35251531716196
45,107,68.5024474262602
45,108,65.58750870404116
45,109,62.67087384334491
45,110,59.795238699651286
45,111,62.284245221514475
45,112,63.06543733325608
45,113,62.6817979756664
45,114,61.51691679083407
45,115,59.84117834691152
45,116,57.844595787851155
45,117,55.66014968919939
45,118,53.38037640885612
45,119,51.06915710754029
45,120,48.88602175445969
45,121,51.95918227732904
45,122,53.28413836859374
45,123,53.4091241610123
45,124,52.72178397037479
45,125,51.495690260236756
45,126,49.923412539463605
45,127,48.14002424177214
45,128,46.23981126580282
45,129,44.33740695494429
45,130,42.544458378463794
45,131,45.95058690035137
45,132,48.12511218979705
45,133,48.89848742541058
45,134,48.71428058500855
45,135,47.88593672020563
45,136,47.15526800439851
45,137,45.980344197643035
45,138,44.63729794719885
45,139,43.178048779256684
45,140,41.56847612390988
45,141,45.01293310921888
45,142,48.478468072965086
45,143,51.970792645196234
45,144,55.4955696679716
45,145,57.074469326303046
45,146,57.31621101875793
45,147,56.651276195705535
45,148,55.38353502844685
45,149,53.72694717586092
45,150,51.83165052414056
45,151,49.24006799793353
45,152,46.77806459803685
45,153,44.43916136813501
45,154,42.21720329972826
45,155,40.10634313474185
46,1,33753.380425859
46,2,33255.00874979446
46,3,32429.52364334554
46,4,31380.48576801086
46,5,30219.438260889903
46,6,28999.231399863373
46,7,27756.498082443406
46,8,26516.364753930156
46,9,25295.806302170127
46,10,24106.03463649855
46,11,22900.73290467362
46,12,21755.696259439937
46,13,20667.91144646794
46,14,19634.51587414454
46,15,18652.790080437317
46,16,17720.15057641545
46,17,16834.143047594676
46,18,15992.435895214941
46,19,15192.814100454194
46,20,14433.173395431484
46,21,13757.596563198173
46,22,13102.559260651784
46,23,12470.838165623949
46,24,11863.97833216974
46,25,11282.668730290447
46,26,10727.008808383422
46,27,10196.697441825012
46,28,9691.166617674327
46,29,9209.675781757853
46,30,8751.378196333113
46,31,8358.552742504984
46,32,7972.124498395657
46,33,7595.967890878323
46,34,7232.1693386571305
46,35,6881.96395934768
46,36,6545.992741929497
46,37,6224.485203870438
46,38,5917.388972660882
46,39,5624.461570284711
46,40,5345.335288137749
46,41,5122.9763439026965
46,42,4898.833330144028
46,43,4676.702199745996
46,44,4459.1241588437015
46,45,4247.7543640384
46,46,4043.624282479137
46,47,3847.328285990401
46,48,3659.156266299503
46,49,3479.1877980220934
46,50,3307.272223323172
46,51,3186.840777152598
46,52,3058.21885950245
46,53,2927.2021469119004
46,54,2796.44605756139
46,55,2667.7447383084173
46,56,2542.283426422603
46,57,2420.8180618700735
46,58,2303.8030633605513
46,59,2191.4821723895275
46,60,2083.9529869378553
46,61,2024.9714720022662
46,62,1955.5550570277105
46,63,1880.46408362876
46,64,1802.6097471630721
46,65,1724.002811825934
46,66,1646.015506760015
46,67,1569.5680193009507
46,68,1495.2612566072214
46,69,1423.4713203728286
46,70,1354.416701679134
46,71,1331.990030540043
46,72,1297.2776204301772
46,73,1255.1396694616615
46,74,1208.5794563373463
46,75,1159.6939217480463
46,76,1109.936234085431
46,77,1060.3028112855052
46,78,1011.4665079933571
46,79,963.8714399175343
46,80,917.800471916362
46,81,917.2535236404589
46,82,903.3123724836264
46,83,880.6195074771792
46,84,852.4093506502052
46,85,820.9267393747017
46,86,787.7214532108994
46,87,753.8554803170272
46,88,720.0488565369135
46,89,686.782263476027
46,90,654.3691885374609
46,91,666.9579491356079
46,92,664.1924251956887
46,93,652.7788615413712
46,94,635.6739687197188
46,95,614.961387900768
46,96,592.1037040313905
46,97,568.1219965939597
46,98,543.7237493667632
46,99,519.393958448228
46,100,495.4600143468611
46,101,516.1597858029095
46,102,522.3646281228437
46,103,518.7834301701974
46,104,508.71033021294875
46,105,494.44452807438927
46,106,477.5857805886196
46,107,459.24238071742536
46,108,440.1775276489527
46,109,420.9123265075537
46,110,401.79825755187426
46,111,427.04085742959614
46,112,437.6029035378585
46,113,438.1902770027041
46,114,432.09789627635274
46,115,421.628263181679
46,116,408.38607427287235
46,117,393.48558443142394
46,118,377.69655017587814
46,119,361.5469351231661
46,120,345.39517793608945
46,121,373.33104441630127
46,122,386.489252460869
46,123,389.5694210646551
46,124,385.8638103951103
46,125,377.6747135854712
46,126,366.6082598781195
46,127,353.7812133924465
46,128,339.9665227446202
46,129,325.6957531027336
46,130,311.35489496182885
46,131,340.9467393431249
46,132,355.69175312305737
46,133,360.5655738443546
46,134,358.4888146498618
46,135,351.794243643767
46,136,341.7846935268975
46,137,330.0318929445371
46,138,317.2871478994753
46,139,304.06761262442575
46,140,290.7261867656311
46,141,321.1895147008462
46,142,336.80978360634555
46,143,342.27183465296974
46,144,340.859231240088
46,145,334.8697654551994
46,146,325.58738683199255
46,147,314.56063868367835
46,148,302.53045206956733
46,149,290.0072125714203
46,150,277.3395632490026
46,151,263.47258508655244
46,152,250.2989558322248
46,153,237.78400804061357
46,154,225.89480763858288
46,155,214.60006725665372
47,1,7826.31632546218
47,2,8001.287398955219
47,3,7881.535039441701
47,4,7626.212732634566
47,5,7313.585546359488
47,6,6981.904576968055
47,7,6655.462420691108
47,8,6333.902570579422
47,9,6022.7580111572715
47,10,5724.367642307284
47,11,5438.14926019192
47,12,5166.241797182323
47,13,4907.929707323207
47,14,4662.533221957046
47,15,4429.4065608591945
47,16,4207.936232816234
47,17,3997.539421175423
47,18,3797.6624501166516
47,19,3607.779327610819
47,20,3427.390361230278
47,21,3280.856051575774
47,22,3129.106677158455
47,23,2978.73659024046
47,24,2832.811957963701
47,25,2692.6623976969718
47,26,2558.7673414396936
47,27,2431.194315863356
47,28,2309.815444110534
47,29,2194.548430236127
47,30,2085.0978649074145
47,31,1980.842971662044
47,32,1881.8008230789417
47,33,1787.7107819249945
47,34,1698.3252428287446
47,35,1613.4089806873076
47,36,1532.7385316529421
47,37,1456.1016050702951
47,38,1383.2965248167802
47,39,1314.1316985759413
47,40,1248.4251136471441
47,41,1210.856336090662
47,42,1162.6154959584367
47,43,1110.5741996133074
47,44,1058.0597814667744
47,45,1006.648866851331
47,46,957.0550003654226
47,47,909.5678458911974
47,48,864.2704233909401
47,49,821.146482269573
47,50,780.1335002799433
47,51,765.4193471057844
47,52,739.173178061215
47,53,708.1667943219607
47,54,675.7048308119467
47,55,643.378045493361
47,56,611.9310790485887
47,57,581.6918833319577
47,58,552.78418149208
47,59,525.2325341192026
47,60,499.014250455597
47,61,498.42872617607264
47,62,485.56805804768044
47,63,467.2597353946001
47,64,446.85193834827544
47,65,425.9721603439473
47,66,405.39764768872726
47,67,385.48619250846974
47,68,366.38930434911475
47,69,348.1576627573629
47,70,330.7932523142182
47,71,338.6558617017194
47,72,333.80219325822344
47,73,323.0912502928993
47,74,309.8963752935599
47,75,295.86660184895817
47,76,281.798469189948
47,77,268.1606308665748
47,78,255.2345220783545
47,79,242.98652563138234
47,80,231.3848351641172
47,81,219.81559340591133
47,82,208.82481373561575
47,83,198.38357304883496
47,84,188.4643943963932
47,85,179.04117467657355
47,86,170.08911594274485
47,87,161.58466014560761
47,88,153.50542713832724
47,89,145.83015578141087
47,90,138.53864799234032
47,91,156.55591044405352
47,92,161.0754913732593
47,93,159.13366814804354
47,94,154.20240065564772
47,95,147.9898615007935
47,96,141.33167096032824
47,97,134.63203216692617
47,98,128.08206821211397
47,99,121.76787544000764
47,100,115.72398743406445
47,101,134.39026593917572
47,102,143.9634386515384
47,103,147.62108340697242
47,104,145.6136584971892
47,105,140.9929220563096
47,106,135.25994946306415
47,107,129.1487053771481
47,108,123.01388803497309
47,109,117.02288950693222
47,110,111.25079448907096
47,111,129.86079174416628
47,112,135.33315796183464
47,113,134.48937593715686
47,114,130.69673069763894
47,115,125.61314682364024
47,116,120.05085954959543
47,117,114.41967370518041
47,118,109.09455672376842
47,119,104.06182279388094
47,120,99.30857715830368
47,121,94.3431483003885
47,122,89.62599088536908
47,123,85.14469134110062
47,124,80.88745677404559
47,125,76.84308393534332
47,126,73.00092973857615
47,127,69.35088325164735
47,128,65.88333908906498
47,129,62.58917213461173
47,130,59.45971352788114
47,131,56.48672785148708
47,132,53.66239145891272
47,133,50.97927188596709
47,134,48.43030829166873
47,135,46.00879287708529
47,136,43.70835323323102
47,137,41.52293557156948
47,138,39.446788792991
47,139,37.47444935334145
47,140,35.600726885674376
47,141,33.820690541390654
47,142,32.12965601432112
47,143,30.523173213605062
47,144,28.997014552924806
47,145,27.547163825278567
47,146,26.169805634014637
47,147,24.861315352313905
47,148,23.61824958469821
47,149,22.4373371054633
47,150,21.315470250190135
47,151,20.249696737680626
47,152,19.237211900796595
47,153,18.275351305756764
47,154,17.361583740468927
47,155,16.49350455344548
48,1,182907.455848676
48,2,181239.2868729611
48,3,179878.84246053352
48,4,179397.3903174848
48,5,177058.75049601338
48,6,173371.54090315252
48,7,168727.06591697602
48,8,163425.4881250735
48,9,157696.20383639398
48,10,151713.70394616455
48,11,144531.8731418727
48,12,137619.8820569388
48,13,130983.96335780433
48,14,124625.6789294061
48,15,118543.11678600007
48,16,112731.81523128712
48,17,107185.4749574161
48,18,101896.50633945838
48,19,96856.44871868777
48,20,92056.29031809498
48,21,87670.16868444496
48,22,83471.78097953292
48,23,79456.34056960599
48,24,75606.72133094542
48,25,71922.35634266771
48,26,68408.22661770001
48,27,65057.85771395217
48,28,61864.80207375783
48,29,58822.68092890338
48,30,55925.21780898962
48,31,53357.007163741706
48,32,50883.980130030315
48,33,48506.2186896284
48,34,46223.095367865855
48,35,44033.41147701831
48,36,41926.36671677552
48,37,39903.76188973748
48,38,37965.996618606376
48,39,36116.7531056689
48,40,34352.824262846734
48,41,32857.645246116284
48,42,31404.812438205146
48,43,29996.931065184257
48,44,28635.788018251234
48,45,27312.048648766773
48,46,26038.753358177462
48,47,24808.722953768982
48,48,23624.302564347337
48,49,22490.941698417304
48,50,21403.67308381827
48,51,20554.167092673524
48,52,19698.366637552812
48,53,18847.36455939577
48,54,18009.317093074325
48,55,17190.117111744676
48,56,16393.917371476884
48,57,15623.536966736889
48,58,14880.776864726611
48,59,14166.664666878676
48,60,13481.644290292303
48,61,13023.875067741732
48,62,12541.189135094635
48,63,12045.397270696358
48,64,11545.384861607215
48,65,11047.774175540038
48,66,10557.439482676305
48,67,10077.907586938927
48,68,9611.669128662805
48,69,9160.420413743836
48,70,8725.251156696182
48,71,8505.98616153054
48,72,8249.727954773292
48,73,7981.653369891687
48,74,7695.067503612752
48,75,7426.185834714234
48,76,7174.224400449106
48,77,6908.485161396234
48,78,6658.822043725093
48,79,6424.51491614947
48,80,6204.882164190947
48,81,5948.300093483442
48,82,5692.68781602336
48,83,5440.617749721969
48,84,5193.954471021197
48,85,4954.018114713905
48,86,4721.711314061105
48,87,4497.617756217625
48,88,4282.078642529354
48,89,4075.251952444399
48,90,3877.1583263725174
48,91,3899.2763611612236
48,92,3872.5578090157737
48,93,3809.9929807109097
48,94,3721.591457087039
48,95,3615.046323928382
48,96,3496.2513362549093
48,97,3369.7035283615387
48,98,3238.816599141655
48,99,3106.164803751965
48,100,2973.6727214923653
48,101,3042.8540035039705
48,102,3060.42807451794
48,103,3039.6160355484044
48,104,2990.62632891619
48,105,2921.3250755884956
48,106,2837.758040978082
48,107,2744.557030661839
48,108,2657.4766776133865
48,109,2563.667745052252
48,110,2465.915915927557
48,111,2565.848502153055
48,112,2628.260083806691
48,113,2659.7655125925257
48,114,2665.9584542544408
48,115,2641.082699811829
48,116,2593.4894339036537
48,117,2529.6099792236732
48,118,2459.3381632985765
48,119,2384.390333051377
48,120,2302.5776780967194
48,121,2411.1806577115763
48,122,2464.9087465078383
48,123,2477.4329769726
48,124,2459.3258993325
48,125,2418.7502053373196
48,126,2361.994973227209
48,127,2293.8932192499615
48,128,2218.1469961463868
48,129,2137.580479431169
48,130,2061.952513544475
48,131,2181.1161802798038
48,132,2245.201918055192
48,133,2267.819087101358
48,134,2259.4975221415034
48,135,2228.371700373299
48,136,2180.7135286846146
48,137,2121.3472142344385
48,138,2066.439296366293
48,139,2015.811557676862
48,140,1956.0697819474194
48,141,2086.2849670848127
48,142,2159.597265959453
48,143,2234.572746307229
48,144,2311.288112946988
48,145,2389.8210313734126
48,146,2421.531795258212
48,147,2456.193075412375
48,148,2493.7934276563424
48,149,2534.326062468549
48,150,2536.317935871045
48,151,2686.821474174999
48,152,2838.11941861668
48,153,2918.726242825032
48,154,2946.1273980972064
48,155,2933.850915307405
49,1,60262.9888730212
49,2,59681.99982926097
49,3,59234.643134884056
49,4,58409.10250861608
49,5,57103.60818022532
49,6,55608.386258401464
49,7,53856.095561795075
49,8,51940.55601763847
49,9,49931.14073361
49,10,47878.818759670714
49,11,45533.25097681857
49,12,43293.15853325697
49,13,41156.1476061853
49,14,39119.24135756696
49,15,37179.08054524696
49,16,35332.07226718672
49,17,33574.499640224174
49,18,31902.602083928938
49,19,30312.63351357377
49,20,28800.903957479088
49,21,27426.278970209627
49,22,26104.42270091614
49,23,24836.59157135839
49,24,23623.028836939433
49,25,22463.247129269083
49,26,21356.24029184315
49,27,20300.64184964336
49,28,19294.843217889822
49,29,18337.081553306176
49,30,17425.504730851866
49,31,16619.380914648653
49,32,15837.666342692792
49,33,15083.019407733242
49,34,14357.019142270945
49,35,13660.45011808022
49,36,12995.349127890517
49,37,12359.130337376007
49,38,11751.4166119125
49,39,11171.589331619276
49,40,10618.863989066927
49,41,10153.557135706924
49,42,9695.500356568144
49,43,9248.238873440541
49,44,8814.187162002323
49,45,8394.918139470965
49,46,7991.381126187398
49,47,7604.065993507655
49,48,7236.643536177971
49,49,6884.473676182422
49,50,6548.386629361823
49,51,6288.352850356786
49,52,6024.878685501016
49,53,5762.148020338489
49,54,5503.156650770632
49,55,5250.0105380075975
49,56,5004.150871257491
49,57,4766.523817968226
49,58,4537.708477716662
49,59,4318.013256919845
49,60,4107.548387609148
49,61,3967.9617297573354
49,62,3819.3014589851236
49,63,3665.938174716902
49,64,3511.0682182239193
49,65,3357.005583208327
49,66,3205.4023306249874
49,67,3057.414966186008
49,68,2913.8299784584638
49,69,2775.958018521437
49,70,2643.7449513753886
49,71,2579.0099605838905
49,72,2520.4121663733895
49,73,2467.769428137617
49,74,2420.9140752271983
49,75,2386.2819155601933
49,76,2364.53735241912
49,77,2356.4762440985287
49,78,2353.5553188438826
49,79,2365.6144025572503
49,80,2382.6492166201388
49,81,2409.748875738799
49,82,2399.8129146338074
49,83,2363.3991898096706
49,84,2308.413382525297
49,85,2240.7599324668513
49,86,2164.83395345878
49,87,2087.002185819661
49,88,2005.6419836342457
49,89,1929.338357563641
49,90,1857.880987140344
49,91,1842.0900988620815
49,92,1808.2755836945162
49,93,1761.9290367800977
49,94,1707.147412537445
49,95,1646.9760515734151
49,96,1583.6678722998531
49,97,1518.8791899035227
49,98,1453.8176320896553
49,99,1389.3538461562418
49,100,1326.1058381757582
49,101,1326.0151656562227
49,102,1309.7726596316866
49,103,1282.128065357358
49,104,1246.6317553521756
49,105,1205.9293980911568
49,106,1161.9846264495811
49,107,1117.6551602343593
49,108,1072.1823446437277
49,109,1027.3394399243384
49,110,982.5997245877959
49,111,992.0467285343336
49,112,986.728596680618
49,113,970.871025503776
49,114,947.6374913734219
49,115,919.3899897662459
49,116,887.8860762368239
49,117,854.4277554099037
49,118,819.9739707760089
49,119,785.9374208385395
49,120,751.9039341392188
49,121,781.2596570479653
49,122,798.5760436039543
49,123,806.1243084025593
49,124,819.4244493081976
49,125,823.5951395047156
49,126,820.4293871820892
49,127,811.4195111409471
49,128,795.0493001322792
49,129,775.6762989518556
49,130,754.0540304922977
49,131,787.5737615879107
49,132,808.1714840180089
49,133,813.1050761622857
49,134,819.7417018521912
49,135,818.5791084848644
49,136,822.6159866676377
49,137,815.4793575411603
49,138,800.4049823405221
49,139,779.8136252868694
49,140,755.5111864224361
49,141,786.8814491851535
49,142,799.8116182212781
49,143,799.3403638807233
49,144,789.249956573992
49,145,772.3741765760948
49,146,750.8310264273767
49,147,726.1985974681534
49,148,699.6479641005277
49,149,672.0435940538725
49,150,644.0192036389075
49,151,677.5407614527621
49,152,693.3499469849487
49,153,696.2452346809488
49,154,693.0645942335042
49,155,682.3248702145007
50,1,237566.124601155
50,2,233694.61672535847
50,3,230272.9017906881
50,4,227879.14735174694
50,5,223717.26327008006
50,6,218266.43422231096
50,7,211900.9945649732
50,8,204912.41530537032
50,9,197526.72562173792
50,10,189918.31468838846
50,11,180958.10122558856
50,12,172335.0080657034
50,13,164055.13350022392
50,14,156143.67336216327
50,15,148588.37380955627
50,16,141376.7593137523
50,17,134480.64007444103
50,18,127893.57402073544
50,19,121607.50931806171
50,20,115621.05237654314
50,21,109910.8172274039
50,22,104471.4346194962
50,23,99292.39638351715
50,24,94363.09162587293
50,25,89672.94188837387
50,26,85211.50263508428
50,27,80968.53832134545
50,28,76934.07678396438
50,29,73098.44749006431
50,30,69452.30722998253
50,31,66142.14491124835
50,32,62963.86292859854
50,33,59917.82821565831
50,34,57002.94844263272
50,35,54217.04324924265
50,36,51557.135174172574
50,37,49019.677076765845
50,38,46600.72936133996
50,39,44296.097551034
50,40,42101.4385670868
50,41,39998.03482894537
50,42,37999.455962336935
50,43,36100.627054093224
50,44,34296.58482296187
50,45,32582.61087523821
50,46,30954.219903700407
50,47,29407.148416617576
50,48,27937.343978442655
50,49,26540.954943623135
50,50,25214.286380575348
50,51,24115.945976024366
50,52,23038.911191404033
50,53,21998.30657784604
50,54,20986.68461914142
50,55,20007.367030743186
50,56,19062.52187675518
50,57,18153.4256785739
50,58,17280.670101900796
50,59,16444.32475265944
50,60,15644.065222618436
50,61,15027.3789886887
50,62,14407.265041824805
50,63,13790.987006772004
50,64,13183.977233544885
50,65,12590.232256517047
50,66,12012.625574218173
50,67,11453.154905415158
50,68,10913.137523801359
50,69,10393.364455991261
50,70,9894.222093237013
50,71,9565.135130258917
50,72,9257.802487963607
50,73,8971.306049438026
50,74,8704.779030786649
50,75,8457.403588150095
50,76,8228.40854993026
50,77,8017.067268139421
50,78,7822.695583100705
50,79,7644.64989602171
50,80,7482.325344243099
50,81,7401.702062723938
50,82,7264.356897242285
50,83,7085.701822940225
50,84,6877.775008847336
50,85,6649.948372108888
50,86,6409.4882096706515
50,87,6161.999343327715
50,88,5929.220457714424
50,89,5692.489052500307
50,90,5455.230186688873
50,91,5196.202690241908
50,92,4948.268356673615
50,93,4711.12394391604
50,94,4484.447355409547
50,95,4267.903185272714
50,96,4061.147363502891
50,97,3863.3549899603404
50,98,3674.739881321127
50,99,3494.613131456102
50,100,3322.7453985347147
50,101,3320.070445460933
50,102,3283.692540452279
50,103,3222.3010279203286
50,104,3142.700916315408
50,105,3050.207217753977
50,106,2948.9574452389693
50,107,2845.834603742887
50,108,2738.692622953074
50,109,2629.6317430775043
50,110,2520.2540406823914
50,111,2561.9638689012445
50,112,2578.8953473659276
50,113,2564.9591098220594
50,114,2536.159030070139
50,115,2488.2132440278046
50,116,2426.3402790371238
50,117,2354.61565897336
50,118,2279.767419019726
50,119,2202.859582996545
50,120,2122.1214680444677
50,121,2186.4864042633085
50,122,2212.3455946796466
50,123,2208.928838874861
50,124,2183.4924124069707
50,125,2141.730734058973
50,126,2088.102660577999
50,127,2026.090088884125
50,128,1958.4028855785941
50,129,1887.141261102634
50,130,1820.295790484167
50,131,1899.4590512559685
50,132,1939.4372925779053
50,133,1949.4817246996054
50,134,1936.871561787847
50,135,1913.4098181960444
50,136,1881.1925995763083
50,137,1842.001014146713
50,138,1797.345361561088
50,139,1748.503264538877
50,140,1706.3575826062672
50,141,1802.601090253016
50,142,1912.8603383262089
50,143,2038.3869946738944
50,144,2180.5726133216717
50,145,2282.6215488150474
50,146,2335.874981338746
50,147,2391.8220465551217
50,148,2409.214409954033
50,149,2397.3815777775785
50,150,2371.443033920082
50,151,2310.5120630054143
50,152,2240.695916214743
50,153,2175.8332793671125
50,154,2115.723283448683
50,155,2060.1766007037727
51,1,62057.9862052236
51,2,61401.30194185243
51,3,60850.83834305652
51,4,60673.33528961688
51,5,59874.68534271871
51,6,58624.487694979005
51,7,57053.396227021054
51,8,55261.76610405866
51,9,53326.39485976772
51,10,51305.77719599678
51,11,48960.31602684225
51,12,46683.78780697254
51,13,44483.375878930536
51,14,42363.566883329404
51,15,40326.79961785218
51,16,38373.968419445046
51,17,36498.01140908552
51,18,34701.87580797361
51,19,32989.2215701589
51,20,31357.265586621717
51,21,29933.555824802042
51,22,28549.33219257259
51,23,27209.59107238817
51,24,25917.54617308419
51,25,24667.725386784263
51,26,23465.33515698948
51,27,22312.928733753408
51,28,21211.321302260556
51,29,20160.20348764364
51,30,19161.925011272455
51,31,18203.82876070883
51,32,17293.63732267339
51,33,16428.95545653972
51,34,15607.507683712733
51,35,14827.132299527097
51,36,14085.775684550741
51,37,13381.486900323203
51,38,12712.412555307043
51,39,12076.79192754169
51,40,11472.952331164604
51,41,11047.69054745158
51,42,10595.169685583824
51,43,10132.619448189382
51,44,9671.219625933347
51,45,9218.09920868994
51,46,8777.680747863287
51,47,8352.584124706204
51,48,7944.233848251774
51,49,7553.266875581719
51,50,7179.806228189358
51,51,6965.128099498168
51,52,6713.99379349266
51,53,6454.059053224058
51,54,6190.460337594499
51,55,5920.71447223707
51,56,5655.708904527761
51,57,5393.806754223783
51,58,5138.1708739953765
51,59,4890.720980181522
51,60,4652.550602545665
51,61,4565.073329506748
51,62,4434.505786051881
51,63,4288.985441317557
51,64,4125.8220969461245
51,65,3959.5391442932546
51,66,3792.7725466054717
51,67,3627.4811207421176
51,68,3465.100316569355
51,69,3306.661936520262
51,70,3152.8872972657387
51,71,3143.2390076902366
51,72,3154.3633945154647
51,73,3188.0036188308864
51,74,3177.8821210808783
51,75,3135.440315784552
51,76,3069.5127398164195
51,77,2977.1754108251957
51,78,2869.4627215676646
51,79,2753.6808981932313
51,80,2634.6331067333276
51,81,2502.9014513966613
51,82,2377.756378826828
51,83,2258.868559885487
51,84,2145.9251318912125
51,85,2038.628875296652
51,86,1936.6974315318193
51,87,1839.862559955228
51,88,1747.8694319574665
51,89,1660.4759603595933
51,90,1577.4521623416135
51,91,1498.5795542245328
51,92,1423.650576513306
51,93,1352.4680476876408
51,94,1284.8446453032586
51,95,1220.6024130380958
51,96,1159.572292386191
51,97,1101.5936777668815
51,98,1046.5139938785373
51,99,994.1882941846104
51,100,944.4788794753798
51,101,1046.1705462673926
51,102,1094.0822249993942
51,103,1106.8263124179593
51,104,1096.8776345009853
51,105,1072.5829979506768
51,106,1039.5134900557434
51,107,1003.576392279185
51,108,964.1915348019777
51,109,923.2462945799128
51,110,881.972878327554
51,111,837.8742344111764
51,112,795.9805226906176
51,113,756.1814965560867
51,114,718.3724217282823
51,115,682.4538006418683
51,116,648.3311106097748
51,117,615.9145550792861
51,118,585.1188273253217
51,119,555.8628859590557
51,120,528.0697416611029
51,121,501.66625457804776
51,122,476.58294184914536
51,123,452.7537947566881
51,124,430.11610501885366
51,125,408.610299767911
51,126,388.17978477951544
51,127,368.77079554053967
51,128,350.33225576351265
51,129,332.815642975337
51,130,316.1748608265702
51,131,449.00300070764627
51,132,579.6488400823407
51,133,724.7518476364218
51,134,886.4668199472278
51,135,1046.0346205832725
51,136,1203.740765436517
51,137,1284.889027633552
51,138,1315.7632334674174
51,139,1313.9899281001071
51,140,1291.3724299890805
51,141,1372.789971114405
51,142,1454.5162200622067
51,143,1536.6671289877238
51,144,1619.356794064824
51,145,1645.747947848908
51,146,1635.7131530734325
51,147,1602.553496980982
51,148,1555.1511211826344
51,149,1511.1006231457252
51,150,1458.2304420373948
51,151,1385.318919935525
51,152,1316.0529739387487
51,153,1250.2503252418112
51,154,1187.7378089797205
51,155,1128.3509185307344
52,1,120564.581353813
52,2,118292.64719862652
52,3,116216.94823927447
52,4,114582.860367141
52,5,112203.47849972779
52,6,109279.81301779838
52,7,105970.40213824016
52,8,102399.85500793616
52,9,98665.69658477898
52,10,94935.31595158402
52,11,90681.68125245589
52,12,86684.12382494785
52,13,82815.62275298008
52,14,79079.07365886577
52,15,75475.99338971061
52,16,72006.75184339315
52,17,68670.7707021334
52,18,65466.69356641653
52,19,62392.53138276604
52,20,59445.7865390016
52,21,56667.12404407619
52,22,54001.8359320698
52,23,51447.62723775766
52,24,49001.87240865867
52,25,46661.69061868651
52,26,44424.00955659212
52,27,42285.61928971559
52,28,40243.21758833707
52,29,38288.703877932254
52,30,36424.306426738076
52,31,34621.57049604322
52,32,32906.53208231835
52,33,31275.128294617523
52,34,29723.456884534946
52,35,28247.77382434292
52,36,26843.79793992162
52,37,25508.910359224337
52,38,24239.803251810474
52,39,23034.290944799348
52,40,21887.771637734055
52,41,20795.57769755899
52,42,19757.703761686742
52,43,18771.472069339354
52,44,17834.333700172057
52,45,16943.862798535567
52,46,16097.750998575782
52,47,15293.730683300526
52,48,14529.796908814764
52,49,13804.126065905066
52,50,13114.630656806754
52,51,12583.552193476044
52,52,12054.34634554896
52,53,11531.806381192382
52,54,11024.810004468078
52,55,10533.977046191727
52,56,10059.711940292183
52,57,9602.23883516149
52,58,9161.631736358653
52,59,8737.84035322587
52,60,8330.712232363285
52,61,8051.646444111707
52,62,7768.387928588317
52,63,7475.666225118022
52,64,7184.948511350639
52,65,6897.802024403139
52,66,6610.736875956249
52,67,6326.575644282596
52,68,6047.440102992042
52,69,5777.351830964104
52,70,5514.375793379473
52,71,5372.016781725935
52,72,5239.7096357714145
52,73,5087.031695874528
52,74,4927.559057442783
52,75,4784.4093982124805
52,76,4634.79108718297
52,77,4494.624939200321
52,78,4363.481713557086
52,79,4240.954585664982
52,80,4105.615716525905
52,81,4062.9807084187655
52,82,4036.7902791562688
52,83,3976.871567337526
52,84,3932.437821697958
52,85,3893.62277966037
52,86,3860.2202404037016
52,87,3832.0359573038468
52,88,3772.625196032759
52,89,3690.011147579593
52,90,3590.5363937020875
52,91,3449.0974514261616
52,92,3309.7028564460193
52,93,3170.732056251834
52,94,3035.2099028404464
52,95,2903.425949778669
52,96,2775.594290815388
52,97,2651.8653825148854
52,98,2532.3362132056923
52,99,2417.0590411861745
52,100,2306.048895467051
52,101,2194.7518835149394
52,102,2088.491005028029
52,103,1987.0842439945386
52,104,1890.3494728359578
52,105,1798.5090679382115
52,106,1711.3195787977215
52,107,1628.5497553278972
52,108,1549.9799384519054
52,109,1475.4014811793024
52,110,1404.6161986426291
52,111,1460.7381845387088
52,112,1497.3755020906606
52,113,1517.7039558302013
52,114,1545.3933430210438
52,115,1580.812824330791
52,116,1599.5863639782256
52,117,1626.0288745593182
52,118,1660.5143805439964
52,119,1677.9917338673715
52,120,1703.4394898914286
52,121,1682.5185095879294
52,122,1664.0571001718088
52,123,1652.2972386400625
52,124,1642.697116041394
52,125,1635.1833238379927
52,126,1613.2702506522248
52,127,1580.6033047105311
52,128,1540.0663858809205
52,129,1493.934650204419
52,130,1443.996927755469
52,131,1504.2315068286266
52,132,1535.232340706862
52,133,1567.0198058940184
52,134,1575.7251795417621
52,135,1566.7581244465146
52,136,1544.415219737425
52,137,1512.102449964169
52,138,1472.5135364192802
52,139,1427.7728591788782
52,140,1379.549985883545
52,141,1439.5072395236439
52,142,1470.9375494007509
52,143,1480.3220207570512
52,144,1472.8168614779215
52,145,1452.5177936945213
52,146,1422.6720077927728
52,147,1385.8480506370825
52,148,1344.0719819788546
52,149,1298.9364826465603
52,150,1251.688274527084
52,151,1316.5563903617883
52,152,1352.9454995516676
52,153,1367.276201397875
52,154,1364.6587287406614
52,155,1349.1543549085977
53,1,97854.6142269623
53,2,97090.14926267555
53,3,95307.07151535543
53,4,93094.07603342882
53,5,90560.38180773938
53,6,87610.39384188302
53,7,84403.92930643965
53,8,81057.22987766583
53,9,77654.25017897438
53,10,74255.0497256484
53,11,70556.33813158612
53,12,67038.9676488186
53,13,63694.791405693635
53,14,60515.83430706003
53,15,57494.34475061543
53,16,54622.82831931252
53,17,51894.346773322235
53,18,49301.83978660563
53,19,46838.584599745394
53,20,44498.18175261073
53,21,42381.32422129466
53,22,40342.64836812789
53,23,38385.326375997574
53,24,36510.559014347105
53,25,34718.13828774891
53,26,33006.86314810612
53,27,31374.846031110836
53,28,29819.73830362035
53,29,28338.895511543735
53,30,26929.497963556223
53,31,25689.4560268072
53,32,24484.169348769854
53,33,23318.87535706881
53,34,22196.763959164025
53,35,21119.53704444763
53,36,20087.822986957148
53,37,19101.48335688982
53,38,18159.839519390047
53,39,17263.008147937006
53,40,16408.1612303004
53,41,15587.75316878538
53,42,14808.365510346111
53,43,14067.947234828805
53,44,13364.549873087364
53,45,12696.322379432997
53,46,12061.506260461347
53,47,11458.430947438279
53,48,10885.509400066365
53,49,10341.233930063047
53,50,9824.172233559893
53,51,9441.184978826252
53,52,9049.64241945152
53,53,8657.064715516482
53,54,8268.780366016585
53,55,7888.500599105047
53,56,7518.746052183426
53,57,7161.163588951276
53,58,6816.761410000217
53,59,6486.083403869606
53,60,6169.338321566958
53,61,5967.701208983452
53,62,5748.797522334437
53,63,5520.491788325033
53,64,5288.463000636626
53,65,5056.772727090311
53,66,4828.287350841018
53,67,4604.991808817255
53,68,4388.222624561998
53,69,4178.840915535989
53,70,3977.3607598775443
53,71,3886.282607788277
53,72,3772.1641525118853
53,73,3643.22152717038
53,74,3510.6425496899383
53,75,3390.6919550477664
53,76,3267.3456110873503
53,77,3142.3607694341113
53,78,3017.1385376892435
53,79,2892.787026194784
53,80,2770.173675074137
53,81,2646.5456482953828
53,82,2526.5841918267993
53,83,2414.1170731211337
53,84,2308.950623347918
53,85,2210.9227639331866
53,86,2113.33686152051
53,87,2017.3124338677674
53,88,1924.4596593911272
53,89,1834.8953524586886
53,90,1748.1046398073697
53,91,1770.493692195288
53,92,1763.655955162969
53,93,1736.2482464024401
53,94,1694.6525002965468
53,95,1643.5610749451057
53,96,1586.4120737474097
53,97,1525.7130851569113
53,98,1463.2819125311387
53,99,1400.425551238844
53,100,1338.073228021593
53,101,1378.6833038587083
53,102,1389.73935917099
53,103,1379.765115268322
53,104,1355.0543262024817
53,105,1320.244045115354
53,106,1278.7410146654956
53,107,1233.0387877558176
53,108,1184.9535572927825
53,109,1139.7338564563408
53,110,1093.1839785425027
53,111,1148.178721182207
53,112,1204.1519607031985
53,113,1228.300701299634
53,114,1229.6467821765596
53,115,1214.8587133285105
53,116,1188.8563147361044
53,117,1155.26045858237
53,118,1116.7275735830558
53,119,1075.1984175236776
53,120,1032.083070276606
53,121,1087.381779386517
53,122,1121.8489692575204
53,123,1139.579468510958
53,124,1137.5247681863473
53,125,1121.5121889641273
53,126,1095.8391419511213
53,127,1063.6666913053543
53,128,1027.3122695402178
53,129,993.3477518985424
53,130,961.6730973973522
53,131,1026.4693742915338
53,132,1091.863755020984
53,133,1124.1086472562909
53,134,1132.5107464033251
53,135,1123.9532125264866
53,136,1103.518146461998
53,137,1085.3207619158363
53,138,1058.5667447660865
53,139,1026.1073511116374
53,140,990.0308775824437
53,141,1048.9221099562017
53,142,1077.1202299905344
53,143,1083.263522286922
53,144,1073.7398281967357
53,145,1053.2646114128743
53,146,1025.310941163956
53,147,992.429306985122
53,148,956.4854728181125
53,149,922.80386981965
53,150,887.185823286645
53,151,843.2666175870884
53,152,801.5583350783119
53,153,761.8189743121063
53,154,723.9799112513572
53,155,687.9683186160023
54,1,11858.5295531868
54,2,11549.083834018646
54,3,11207.20215262389
54,4,10856.525136416221
54,5,10500.33779927149
54,6,10141.448211711595
54,7,9782.245712995531
54,8,9424.75243590081
54,9,9070.668893620625
54,10,8721.414295115765
54,11,8355.861697793518
54,12,7996.669168491136
54,13,7648.9960645948295
54,14,7312.974192930684
54,15,6988.650985170686
54,16,6676.002265141357
54,17,6372.76951397376
54,18,6079.532516171422
54,19,5796.6645184947165
54,20,5524.372562547562
54,21,5257.069785857209
54,22,5001.625369108516
54,23,4757.701039937294
54,24,4524.932404485602
54,25,4302.937526410361
54,26,4091.3238478156936
54,27,3889.6937427350917
54,28,3697.6489441530985
54,29,3514.7940443344505
54,30,3340.7392339979924
54,31,3174.1334163337574
54,32,3015.7850262107067
54,33,2865.293506156584
54,34,2722.2762455228335
54,35,2586.3680348408516
54,36,2457.2204880235554
54,37,2334.501444064842
54,38,2217.894357609288
54,39,2107.097685885152
54,40,2001.8300724746423
54,41,1904.103224904318
54,42,1810.863092839484
54,43,1721.952877446407
54,44,1637.21220608992
54,45,1556.479239946082
54,46,1479.5923502462845
54,47,1406.3914398131983
54,48,1336.7189734053768
54,49,1270.4207694744466
54,50,1207.3465968791147
54,51,1149.4473285543856
54,52,1094.0259212491435
54,53,1041.028972217465
54,54,990.3938359891687
54,55,942.0510997796318
54,56,895.9265948858749
54,57,851.943024770713
54,58,810.0212767839857
54,59,770.0814730470394
54,60,732.0438065396595
54,61,697.9291232641392
54,62,665.0997854606978
54,63,633.5625715446281
54,64,603.3119142890348
54,65,574.3325472428642
54,66,546.6016759040626
54,67,520.0907553642564
54,68,494.7669422612785
54,69,470.59427734502475
54,70,447.53464538332275
54,71,427.65650546692575
54,72,408.49767724677923
54,73,390.0523731614935
54,74,372.19478529814995
54,75,354.95206662366405
54,76,338.3404574031212
54,77,322.36744563890727
54,78,307.03354658599983
54,79,292.33376651003033
54,80,278.2588048020465
54,81,264.5314009498845
54,82,251.45901164076875
54,83,239.023297333961
54,84,227.1942864758458
54,85,215.94330143509308
54,86,205.24291629817193
54,87,195.06119460911
54,88,185.37496732723307
54,89,176.16175672564023
54,90,167.39982077188108
54,91,159.0479117102785
54,92,151.1105422476445
54,93,143.56750184337545
54,94,136.39950320564876
54,95,129.58815087900769
54,96,123.11590890981327
54,97,116.96747967517176
54,98,111.1266781561661
54,99,105.57663696656746
54,100,100.30303436707132
54,101,95.2913804225992
54,102,90.52992477000112
54,103,86.00619974083126
54,104,81.70835640721451
54,105,77.62513415506723
54,106,73.74583172258065
54,107,70.06027963686657
54,108,66.55881398434259
54,109,63.232251453052626
54,110,60.07186558767196
54,111,59.41525808331452
54,112,58.39484035819553
54,113,57.09583518407359
54,114,55.587875742057605
54,115,53.9276996105377
54,116,52.22753026524522
54,117,50.44400894486275
54,118,48.658682404801915
54,119,47.0268039090597
54,120,45.388483324972285
54,121,45.81533051324623
54,122,45.76516548319217
54,123,45.33884705188302
54,124,44.6191767086976
54,125,43.67400091308137
54,126,42.558786573516606
54,127,41.31875886660099
54,128,39.990675480953676
54,129,38.60429884434034
54,130,37.18361748333127
54,131,37.83040820550577
54,132,38.0213501917899
54,133,37.85080893374129
54,134,37.3963358020847
54,135,36.72155295077078
54,136,35.878548506367
54,137,34.90986491285363
54,138,33.850149291440886
54,139,32.727523032603926
54,140,31.67698476046939
54,141,32.66602683687606
54,142,33.17079817732369
54,143,33.288996667441694
54,144,33.10101644362547
54,145,32.67291186698511
54,146,32.058858603680356
54,147,31.30319689976332
54,148,30.442127753803017
54,149,29.505120737005022
54,150,28.516082277366152
54,151,29.582321656466277
54,152,30.174093716299733
54,153,30.38629707703252
54,154,30.29705680986209
54,155,29.970595950901064
55,1,38476.8952297125
55,2,37513.55097792635
55,3,36395.70833118292
55,4,35186.35892830793
55,5,33918.74719091511
55,6,32618.879182737044
55,7,31306.969086126872
55,8,29998.60240808576
55,9,28705.671108463124
55,10,27437.125103179584
55,11,26108.032108829488
55,12,24837.07630996957
55,13,23622.968591672536
55,14,22464.16964338467
55,15,21358.963668399174
55,16,20305.516504515712
55,17,19301.921250526582
55,18,18346.233888131377
55,19,17436.500901680425
55,20,16570.780505854655
55,21,15743.058827327768
55,22,14956.564258781269
55,23,14209.266365148627
55,24,13499.230219092517
55,25,12824.612795346056
55,26,12183.65931782493
55,27,11574.69960612298
55,28,10996.144457066308
55,29,10446.482088284447
55,30,9924.27466382478
55,31,9451.297082110608
55,32,8997.448948019854
55,33,8562.652818590765
55,34,8146.664151787593
55,35,7749.112915357003
55,36,7369.536647357556
55,37,7007.406653782129
55,38,6662.148699740341
55,39,6333.159285753738
55,40,6019.818387381885
55,41,5719.327853012541
55,42,5433.764520479212
55,43,5162.400959379735
55,44,4904.54242900742
55,45,4659.525959981167
55,46,4426.719342509737
55,47,4205.520053049254
55,48,3995.3518890744795
55,49,3795.6711586756337
55,50,3605.95613648115
55,51,3448.935775653007
55,52,3295.2389696200653
55,53,3145.5801322439524
55,54,3000.4666816267436
55,55,2860.24270289937
55,56,2724.5849839475513
55,57,2593.875224103133
55,58,2468.3238396573715
55,59,2348.01650143243
55,60,2232.948871106132
55,61,2144.5619121676837
55,62,2054.4070122680732
55,63,1964.5000950341048
55,64,1875.8915720336656
55,65,1789.3141629863073
55,66,1705.264940587513
55,67,1624.364672830182
55,68,1546.6608189923047
55,69,1472.1006237077552
55,70,1400.7291197055777
55,71,1354.2598516668052
55,72,1305.5302289743756
55,73,1255.5448219727855
55,74,1205.0845655063083
55,75,1154.7516683521994
55,76,1105.0057171527212
55,77,1056.1926910467905
55,78,1008.5682692244495
55,79,962.316544617241
55,80,917.565040258287
55,81,895.753867506012
55,82,870.3522064751564
55,83,842.450045204849
55,84,812.6481322477788
55,85,781.736670595593
55,86,750.4800582312567
55,87,719.1340998192289
55,88,688.1538096726429
55,89,657.7546213461551
55,90,628.0295984808342
55,91,620.5264556916271
55,92,608.3559209064219
55,93,593.1264620945984
55,94,574.8689860836084
55,95,555.3073081134354
55,96,534.9378595173066
55,97,514.1483775315282
55,98,492.81369832167564
55,99,471.6231050026369
55,100,450.57431698473613
55,101,451.4642541560452
55,102,446.0803327652998
55,103,436.39325595375453
55,104,424.5283586793487
55,105,411.32050437438477
55,106,397.08112585894935
55,107,382.2187938148928
55,108,367.0463245565231
55,109,351.80146149984074
55,110,336.4922590524682
55,111,343.15547609355195
55,112,344.5296001539076
55,113,341.92478756172346
55,114,336.3650437744757
55,115,328.0145793494272
55,116,317.8292066004936
55,117,306.4998177348756
55,118,294.77430123354867
55,119,282.87557146196514
55,120,270.97254128275097
55,121,280.70912918358647
55,122,285.04570733173466
55,123,285.28895727032926
55,124,282.46148676260094
55,125,277.3621875581877
55,126,270.6138367607809
55,127,262.70063444275837
55,128,253.9978019519135
55,129,244.79491704780804
55,130,235.3143082930814
55,131,247.02312146859754
55,132,253.19336845280043
55,133,255.45269019308358
55,134,253.87675780070327
55,135,250.20186346613218
55,136,244.9565293267519
55,137,238.4405977381822
55,138,230.7257786915547
55,139,222.27758251374365
55,140,213.6002085731454
55,141,226.22707979506612
55,142,233.30485542761886
55,143,236.14863592823744
55,144,235.78882349343314
55,145,233.03155399506988
55,146,228.00959030572673
55,147,221.8398762446542
55,148,214.87495637579613
55,149,207.38746989832896
55,150,199.58728660171604
55,151,189.82514051215634
55,152,180.5052686783236
55,153,171.60580197517035
55,154,163.1178466767918
55,155,155.0297280864311
56,1,54130.3470892238
56,2,53613.82572168439
56,3,52411.38172677238
56,4,50947.836795234245
56,5,49306.04776143487
56,6,47549.56068958985
56,7,45726.872403121015
56,8,43874.762718732905
56,9,42020.899484321824
56,10,40185.87459552979
56,11,38289.24235361882
56,12,36450.8267402471
56,13,34679.61679364349
56,14,32985.813033234226
56,15,31363.64191008173
56,16,29813.76549632136
56,17,28335.433556682307
56,18,26927.002405092673
56,19,25586.282140053063
56,20,24311.37452072721
56,21,23216.88666435334
56,22,22137.771918157854
56,23,21086.050793489932
56,24,20068.986296902418
56,25,19090.67266114101
56,26,18155.81272410278
56,27,17263.42068977157
56,28,16412.302140969718
56,29,15599.822461759773
56,30,14826.198938041009
56,31,14206.797656142293
56,32,13578.746122212417
56,33,12955.353451593932
56,34,12351.06056521393
56,35,11762.853017638026
56,36,11194.51856621836
56,37,10650.296515626535
56,38,10128.246807305595
56,39,9628.898421226077
56,40,9152.221669307663
56,41,8815.560065292457
56,42,8456.422960656706
56,43,8088.709419198357
56,44,7721.471582676218
56,45,7360.5064067879075
56,46,7009.429258639225
56,47,6670.3978119359945
56,48,6344.599932293589
56,49,6032.582293073124
56,50,5734.471519660562
56,51,5568.743962766381
56,52,5371.979077513032
56,53,5158.5089348347365
56,54,4937.795435651215
56,55,4716.023728470449
56,56,4497.177235653138
56,57,4283.762792054674
56,58,4077.29963472627
56,59,3878.6490160251296
56,60,3688.236260272615
56,61,3625.2678869979527
56,62,3525.978814471859
56,63,3405.0125409793336
56,64,3272.111464311338
56,65,3133.716837602926
56,66,2994.0483846151087
56,67,2855.8327028866765
56,68,2720.79461555641
56,69,2589.9885295530853
56,70,2464.021813298216
56,71,2462.524258093615
56,72,2421.5479316246438
56,73,2355.921708387515
56,74,2275.5551649754093
56,75,2187.042347581546
56,76,2094.7440652795312
56,77,2001.5182006925716
56,78,1909.2124442649294
56,79,1818.996675736399
56,80,1733.4700206595753
56,81,1769.8134205195556
56,82,1764.359157596325
56,83,1732.1907751858632
56,84,1683.4146998683843
56,85,1624.7815526981897
56,86,1560.7803468439567
56,87,1494.3768929537157
56,88,1431.689220915353
56,89,1368.2258013808787
56,90,1308.2116682345118
56,91,1367.624025560303
56,92,1383.4983092801115
56,93,1371.195846189637
56,94,1341.0249592322884
56,95,1299.8862223833642
56,96,1252.3828562652616
56,97,1201.570101327718
56,98,1149.4609080774426
56,99,1097.3671481494453
56,100,1046.1298084381883
56,101,1115.7951954658408
56,102,1142.336452971003
56,103,1140.7930669854095
56,104,1121.2654833836345
56,105,1090.5228562940126
56,106,1053.0881502580146
56,107,1011.9704625707384
56,108,969.1592253244979
56,109,925.9576820288231
56,110,883.7739962729314
56,111,962.5461679767019
56,112,997.4174478521234
56,113,1003.5706225446402
56,114,991.2083231998662
56,115,967.1738634930323
56,116,936.0451909242631
56,117,900.8731952870206
56,118,863.6799636612247
56,119,825.7950044716883
56,120,788.0821055687331
56,121,870.4980960043881
56,122,909.2017558111805
56,123,928.1019655385298
56,124,925.1400680861914
56,125,908.2072252384787
56,126,893.118045992076
56,127,868.928941552949
56,128,839.2975830311234
56,129,806.657888654747
56,130,772.619493945256
56,131,856.0594212360138
56,132,895.654309016127
56,133,906.4901482836125
56,134,898.7081653042789
56,135,879.1139610325865
56,136,861.3610679102586
56,137,845.3867148116435
56,138,831.1322651780536
56,139,818.5430441537809
56,140,797.168881704467
56,141,887.0378773783352
56,142,930.2520053468052
56,143,942.8464698197009
56,144,935.6014150283752
56,145,915.7520006492264
56,146,888.1425936680473
56,147,862.5317155996707
56,148,838.8404539896239
56,149,810.01727510485
56,150,778.3716309245349
56,151,739.4530493783082
56,152,702.4803969093928
56,153,667.3563770639231
56,154,633.9885582107269
56,155,602.2891303001905
57,1,51624.5513211659
57,2,50568.29941644885
57,3,49598.40957151716
57,4,48814.63198744821
57,5,47844.965120481625
57,6,46728.57130687313
57,7,45498.6912994365
57,8,44183.46629873745
57,9,42806.649088894344
57,10,41572.16978362318
57,11,40187.30339158201
57,12,38779.62074285242
57,13,37362.47895604259
57,14,35946.946190054085
57,15,34542.131212538334
57,16,33155.467943443706
57,17,31792.961013017473
57,18,30459.397568975364
57,19,29158.529869838378
57,20,27893.232596463567
57,21,26575.63424198901
57,22,25313.68950859942
57,23,24105.97274480451
57,24,22947.106244583967
57,25,21840.02152479194
57,26,20791.846934301717
57,27,19790.265298677066
57,28,18833.718723471942
57,29,17920.624797300075
57,30,17049.39140770957
57,31,16206.308982544777
57,32,15404.135004467436
57,33,14640.98935208564
57,34,13915.063974639357
57,35,13224.622199301422
57,36,12567.64553947497
57,37,11942.95314710645
57,38,11349.005726669238
57,39,10784.331005814855
57,40,10247.521703464117
57,41,9771.780627170061
57,42,9314.965139012444
57,43,8876.774076079952
57,44,8456.835726647878
57,45,8054.722717662253
57,46,7669.964650371992
57,47,7300.866850796269
57,48,6947.358255043699
57,49,6609.229674468095
57,50,6286.168895818132
57,51,6009.439928069463
57,52,5741.560612104723
57,53,5482.7502132439995
57,54,5233.129219593815
57,55,4992.735933818646
57,56,4760.130940466534
57,57,4535.766867917605
57,58,4319.906146575716
57,59,4112.663864512177
57,60,3914.0418445240307
57,61,3755.851938921477
57,62,3598.1066034609453
57,63,3442.269129737817
57,64,3289.434026267311
57,65,3140.40428572007
57,66,2995.7530820077327
57,67,2855.8730053768522
57,68,2721.015324661084
57,69,2591.3212700400427
57,70,2466.8469325392625
57,71,2380.776264876568
57,72,2291.5920664831183
57,73,2200.9260096541157
57,74,2110.0344599140276
57,75,2019.8756922631635
57,76,1935.5796459517912
57,77,1855.8657521986272
57,78,1781.6444004515938
57,79,1712.7740182286063
57,80,1647.7918155483592
57,81,1613.44068440122
57,82,1571.2474563450126
57,83,1523.5066072650084
57,84,1472.0193174152926
57,85,1419.8302890819164
57,86,1367.4093480539975
57,87,1315.145138983821
57,88,1262.2889949589812
57,89,1209.5083366634374
57,90,1157.3102867836421
57,91,1137.8463060821866
57,92,1111.7136192218964
57,93,1080.7664006443008
57,94,1046.4634889812685
57,95,1009.9483766359205
57,96,972.1132155492005
57,97,933.6500232255463
57,98,895.0916392957674
57,99,856.8444752334094
57,100,819.2146932115855
57,101,815.3847518267985
57,102,804.357279649368
57,103,787.9625697634414
57,104,767.6467877065991
57,105,744.5494078127642
57,106,719.5651899748136
57,107,693.3937757707757
57,108,666.5793700632938
57,109,639.5424833080557
57,110,612.6053166227422
57,111,619.4547122187237
57,112,626.7861905863028
57,113,626.1285564537784
57,114,619.3981506239188
57,115,608.1136367089794
57,116,593.4759551601518
57,117,576.4323256317278
57,118,557.727474102038
57,119,537.9446289632052
57,120,517.5383238966265
57,121,528.9710453319702
57,122,532.407512807142
57,123,529.7250379799428
57,124,527.7033207119931
57,125,526.320909069324
57,126,520.0320698845951
57,127,514.4982711970149
57,128,505.1680692872904
57,129,493.0418298546771
57,130,479.779264226681
57,131,496.3236588293576
57,132,506.66205711998117
57,133,509.48777383088736
57,134,508.4355293497199
57,135,504.1950785558938
57,136,502.03696135874316
57,137,500.4938860295243
57,138,499.5462574670181
57,139,493.8546742505822
57,140,485.8884538694955
57,141,505.36773870438753
57,142,515.16209149939
57,143,517.4892414483281
57,144,515.9731206244969
57,145,516.6836473741072
57,146,517.9418498074153
57,147,519.7331745847025
57,148,522.0440783030137
57,149,518.6082219083477
57,150,510.83355517683844
57,151,529.7753872903195
57,152,538.9179093335342
57,153,540.5126782844499
57,154,536.3481165687188
57,155,527.8424295712745
58,1,27608.8407356839
58,2,27148.98041880951
58,3,26507.743975958863
58,4,25793.50097004497
58,5,25025.315261330685
58,6,24219.036351905215
58,7,23387.79181652188
58,8,22542.406449607217
58,9,21691.758931390483
58,10,20843.08522869911
58,11,19894.61370196039
58,12,18972.76818445604
58,13,18086.32268874092
58,14,17235.075767399976
58,15,16418.60593856488
58,16,15636.31644430777
58,17,14887.47281901166
58,18,14171.234353692298
58,19,13486.680381373804
58,20,12832.832171426026
58,21,12208.671103777597
58,22,11613.153694158205
58,23,11045.223956464737
58,24,10502.865101418736
58,25,9985.425869028491
58,26,9492.728418130499
58,27,9023.206446730546
58,28,8576.025166110132
58,29,8150.31960225976
58,30,7745.445178225339
58,31,7374.506138823253
58,32,7019.717968089275
58,33,6680.624628010402
58,34,6356.741316629108
58,35,6047.563470950059
58,36,5751.922170681128
58,37,5469.5673495578
58,38,5200.561372627485
58,39,4944.012823842124
58,40,4699.781256934621
58,41,4465.539013142229
58,42,4242.843087709394
58,43,4031.152970948411
58,44,3829.981046105965
58,45,3638.782086843137
58,46,3457.076454888022
58,47,3284.4042736607394
58,48,3120.3253770780207
58,49,2964.4190529281673
58,50,2816.283637261508
58,51,2691.3933005960275
58,52,2570.411452673334
58,53,2453.485364377163
58,54,2340.7046696434895
58,55,2231.366636332789
58,56,2125.786726249556
58,57,2024.1563820456686
58,58,1926.5732588038684
58,59,1833.064609243131
58,60,1743.605349190191
58,61,1672.5471138208095
58,62,1601.4626990958886
58,63,1531.1479722127353
58,64,1462.1826150818351
58,65,1394.9800925989787
58,66,1329.8264292040506
58,67,1266.9102832246945
58,68,1206.6154663012658
58,69,1148.8878529392225
58,70,1093.4687187357108
58,71,1055.09099338517
58,72,1015.0145065520096
58,73,975.0819722424517
58,74,935.5590360260248
58,75,896.6580350969708
58,76,858.5465355214109
58,77,821.3545812249272
58,78,785.1808455005123
58,79,750.097847739805
58,80,716.1563741368826
58,81,697.7832671235419
58,82,676.4583094649104
58,83,653.1883460243555
58,84,631.3879163647763
58,85,608.2668129317323
58,86,584.4262437608271
58,87,560.3185477808661
58,88,536.2810138017092
58,89,512.5621531845154
58,90,489.3421034019993
58,91,481.39267795059254
58,92,470.1737988742062
58,93,456.6629961813454
58,94,441.60820265343904
58,95,425.5793537075103
58,96,409.008500625421
58,97,392.2209887555066
58,98,375.4596857572667
58,99,358.903804199362
58,100,342.68351991330167
58,101,341.67802723144433
58,102,337.1422414880145
58,103,330.0475633645286
58,104,321.14035881011387
58,105,310.99238594115377
58,106,300.0400037097585
58,107,288.61465396135594
58,108,276.96655530334056
58,109,265.49264916455024
58,110,254.24411068010997
58,111,257.9284738522805
58,112,259.02324223664647
58,113,258.01076432410116
58,114,255.29750533514772
58,115,250.4583333071921
58,116,244.10161376162026
58,117,237.15814907585417
58,118,229.39377887186245
58,119,221.1088619086145
58,120,212.5311714138923
58,121,218.2693127109095
58,122,220.0875835724438
58,123,218.98849538854972
58,124,218.97748346460043
58,125,216.5386944851525
58,126,212.3326060416573
58,127,206.8669941460076
58,128,200.53113675891225
58,129,193.62240894608613
58,130,187.14953456562978
58,131,194.66443092472588
58,132,198.0579156404693
58,133,198.3675973302661
58,134,196.39460273682894
58,135,194.75067404598286
58,136,191.3739138686681
58,137,186.75389997767255
58,138,181.26627942108556
58,139,175.19832336613808
58,140,168.9943461076451
58,141,176.9553105306518
58,142,180.8750553888058
58,143,181.76442569865168
58,144,180.40417416940375
58,145,177.39632593085622
58,146,173.20412607991324
58,147,168.18310537059423
58,148,162.60523649472296
58,149,156.67771548347508
58,150,150.55756206219522
58,151,159.02617040861338
58,152,163.52012834591545
58,153,165.02653923273576
58,154,164.30813293370124
58,155,161.95333856252077
59,1,47701.1016414323
59,2,46983.739958618884
59,3,45871.98146293752
59,4,44496.554338459835
59,5,42953.010207449384
59,6,41310.872117824016
59,7,39620.418728127166
59,8,37951.13527039993
59,9,36312.66352541016
59,10,34712.35590804012
59,11,33103.53995759832
59,12,31542.44992867888
59,13,30035.139963213613
59,14,28585.18386303169
59,15,27194.360936180343
59,16,25863.1625989661
59,17,24593.707199662014
59,18,23381.609265816925
59,19,22225.578672720483
59,20,21123.982742768705
59,21,20120.871713257173
59,22,19154.219503453474
59,23,18225.7369291683
59,24,17336.137556168407
59,25,16485.42278366621
59,26,15673.091986620118
59,27,14898.297121154928
59,28,14159.956187625618
59,29,13456.836228760436
59,30,12787.61378240536
59,31,12202.28107735103
59,32,11632.270627660406
59,33,11080.413970576663
59,34,10548.472872777895
59,35,10037.432292880709
59,36,9547.71691153302
59,37,9079.35099106226
59,38,8632.076225937717
59,39,8205.43846068683
59,40,7798.851343818619
59,41,7463.082714288707
59,42,7130.125640318748
59,43,6803.445578117213
59,44,6485.404354313638
59,45,6177.555379483852
59,46,5880.862172730995
59,47,5595.860009262676
59,48,5322.775390114369
59,49,5061.614239544252
59,50,4812.226920817256
59,51,4625.922553375106
59,52,4434.922203826595
59,53,4243.075561000488
59,54,4053.107187735458
59,55,3866.9133986991515
59,56,3685.78221396424
59,57,3510.5562512844617
59,58,3341.7532945499165
59,59,3179.655472848042
59,60,3024.3751627306506
59,61,2927.7003232941756
59,62,2821.78689480491
59,63,2710.727468119843
59,64,2597.473293910793
59,65,2484.1330210193846
59,66,2372.194146687081
59,67,2262.6871296779764
59,68,2156.306969415413
59,69,2053.503234540873
59,70,1954.5466901022326
59,71,1911.5151012399006
59,72,1872.7682259007536
59,73,1838.1750206377549
59,74,1807.6142386731558
59,75,1780.9740666004109
59,76,1758.1517841858788
59,77,1739.0534463077772
59,78,1723.5935861254973
59,79,1711.6949386255228
59,80,1703.2881837409927
59,81,1660.595205228204
59,82,1609.0792465270952
59,83,1554.816404677507
59,84,1496.5093958373925
59,85,1436.1038140996934
59,86,1374.9981803309033
59,87,1314.1873425610145
59,88,1256.7266704582396
59,89,1203.1956897933414
59,90,1150.7695840639697
59,91,1151.216090296987
59,92,1141.8466071781766
59,93,1120.5122372951287
59,94,1094.2050663818602
59,95,1064.1938093375488
59,96,1031.5114546746424
59,97,996.9961507275907
59,98,959.805062630928
59,99,921.2075793236514
59,100,882.1166355670771
59,101,893.9687085120147
59,102,890.7910383910962
59,103,877.0598943276157
59,104,856.0667382404419
59,105,830.2254015912915
59,106,801.2999357067777
59,107,770.5736056341665
59,108,739.8062912574061
59,109,709.2664478981382
59,110,679.164112120545
59,111,701.1970945679562
59,112,707.6827013752097
59,113,703.1252987659026
59,114,690.8424693125218
59,115,673.272434976702
59,116,652.2021033621833
59,117,628.9362194737369
59,118,605.2553908055777
59,119,581.4469291594229
59,120,557.7387579922582
59,121,586.1240807625694
59,122,598.5718941415246
59,123,599.6247803579245
59,124,592.6318001852475
59,125,580.0574982391378
59,126,563.7111310700401
59,127,544.9167032617397
59,128,524.6390856275923
59,129,505.6471093587809
59,130,485.7368175761674
59,131,517.0586235566044
59,132,532.4673083483342
59,133,536.4600619803311
59,134,532.3542192159795
59,135,522.5926412235018
59,136,513.9765313164125
59,137,506.47425426868716
59,138,494.6523812976794
59,139,479.93812732167606
59,140,463.37484785154163
59,141,496.57535230920485
59,142,513.5725658566229
59,143,518.9288155866474
59,144,525.227613073062
59,145,522.8921992125933
59,146,514.5006566125063
59,147,501.94839976340376
59,148,486.6251795535234
59,149,469.5463768113383
59,150,451.45038049750576
59,151,483.7232622669438
59,152,500.23238654297705
59,153,505.4166704587485
59,154,505.2416521210022
59,155,498.60066438236385
60,1,8840.50326363756
60,2,9301.732276014438
60,3,9339.758237999944
60,4,9153.004030812874
60,5,8891.96579649882
60,6,8585.310462880054
60,7,8232.879166342893
60,8,7864.031872245758
60,9,7500.856418250229
60,10,7142.538157104252
60,11,6804.581133462885
60,12,6475.0297022968525
60,13,6157.225654589472
60,14,5852.6770944959535
60,15,5561.8884262793845
60,16,5284.821773850498
60,17,5021.153152426964
60,18,4770.414359074444
60,19,4532.071248518459
60,20,4305.566613413075
60,21,4156.029991945379
60,22,4016.534128209983
60,23,3886.6769774599693
60,24,3766.0804969182154
60,25,3654.389597768468
60,26,3551.271155478358
60,27,3456.4130757690878
60,28,3369.5234136898025
60,29,3302.7551647922846
60,30,3257.998902779731
60,31,3263.294563020351
60,32,3193.814787065774
60,33,3086.306566085903
60,34,2961.0569005156012
60,35,2843.2032790704407
60,36,2736.78691614694
60,37,2637.0853796097845
60,38,2543.817294461024
60,39,2438.1189341322465
60,40,2328.1843123732447
60,41,2281.3319744345954
60,42,2239.5349716223996
60,43,2167.8123879628897
60,44,2081.843338426082
60,45,1990.2399859175425
60,46,1903.703864796528
60,47,1822.0006089803837
60,48,1744.9083115145702
60,49,1672.2169305083926
60,50,1603.7277259007362
60,51,1599.8869112587338
60,52,1562.4170491065372
60,53,1528.4791349149696
60,54,1476.665074782135
60,55,1416.5395334564214
60,56,1353.3477525978603
60,57,1291.0372183512518
60,58,1230.2437257674017
60,59,1173.179944238814
60,60,1119.7860789005515
60,61,1132.7895105070022
60,62,1157.8098367803818
60,63,1196.5718863503394
60,64,1251.1412400444872
60,65,1323.985589308869
60,66,1418.0474202185806
60,67,1536.8300994476856
60,68,1684.4998199394051
60,69,1866.006315401748
60,70,2087.225787004904
60,71,2377.0125970393115
60,72,2724.675657619021
60,73,3140.607478733
60,74,3637.12031368475
60,75,4228.798040040821
60,76,4932.912675117691
60,77,5637.528205386795
60,78,6344.012144539417
60,79,7053.717940361866
60,80,7767.987796112118
60,81,8321.915633634208
60,82,8884.897841145972
60,83,9599.48965709807
60,84,10491.114301843088
60,85,11589.983314178204
60,86,12931.969655852208
60,87,14559.641419598018
60,88,16523.485612420987
60,89,18494.118819891122
60,90,20879.71422180129
60,91,23332.45160098176
60,92,25798.924311723753
60,93,28283.764103269496
60,94,30791.5785595161
60,95,33326.960396745366
60,96,35894.496611956165
60,97,38498.7775015733
60,98,41144.40556979796
60,99,43836.00434540021
60,100,46578.22712533194
60,101,48016.40348940038
60,102,48868.96922082564
60,103,50276.228318002
60,104,52320.11436800831
60,105,52901.78919168784
60,106,53579.08981532451
60,107,54352.09862102496
60,108,55720.237447671665
60,109,56382.13350493185
60,110,55982.07903312333
60,111,53886.77534337305
60,112,51584.45332208597
60,113,49412.53605495263
60,114,47422.86742919806
60,115,45551.43960363393
60,116,43793.07207563796
60,117,42142.871897677025
60,118,40596.220412221155
60,119,39148.76069330577
60,120,37796.385661102286
60,121,36483.68597423495
60,122,35259.128935962304
60,123,34119.185212760414
60,124,33060.536171938875
60,125,32080.06468173125
60,126,31174.846423451192
60,127,30342.141692141595
60,128,29579.38766340213
60,129,28884.191105278478
60,130,28367.655065739535
60,131,27769.02530707478
60,132,27350.8336861559
60,133,27131.691317001205
60,134,27134.35218056635
60,135,27386.437461793877
60,136,27688.661791680002
60,137,28282.67078793818
60,138,29210.221301344074
60,139,30521.32748117427
60,140,32275.747278176117
60,141,33573.29653326745
60,142,35340.48972885263
60,143,37651.9827975434
60,144,40596.71703592211
60,145,43582.480564133875
60,146,47339.81996210449
60,147,50948.776703779
60,148,53266.958337739175
60,149,55380.12257861301
60,150,55808.60602931127
60,151,53762.69244726335
60,152,51489.2536376158
60,153,49145.77652341762
60,154,46961.88221515587
60,155,44766.06885087346
61,1,8264.91663998905
61,2,8893.843853643408
61,3,9122.395448453599
61,4,9092.237020377335
61,5,8915.224177469032
61,6,8650.374242181233
61,7,8335.75540706794
61,8,7995.802986552685
61,9,7646.086434714569
61,10,7296.415076462758
61,11,6931.59432263962
61,12,6585.014606507639
61,13,6255.763876182257
61,14,5942.975682373144
61,15,5645.826898254487
61,16,5363.535553341762
61,17,5095.358775674674
61,18,4840.5908368909395
61,19,4598.561295046393
61,20,4368.633230294073
61,21,4150.201568779369
61,22,3942.6914903404004
61,23,3745.5569158233807
61,24,3558.2790700322116
61,25,3380.365116530601
61,26,3211.346860704071
61,27,3050.7795176688674
61,28,2898.240541785424
61,29,2753.3285146961525
61,30,2615.6620889613446
61,31,2484.8789845132774
61,32,2360.6350352876134
61,33,2242.6032835232327
61,34,2130.473119347071
61,35,2023.9494633797174
61,36,1922.7519902107315
61,37,1826.614390700195
61,38,1735.283671165185
61,39,1648.5194876069258
61,40,1566.0935132265795
61,41,1487.7888375652506
61,42,1413.3993956869879
61,43,1342.7294259026387
61,44,1275.5929546075067
61,45,1211.8133068771315
61,46,1151.2226415332748
61,47,1093.6615094566112
61,48,1038.9784339837806
61,49,987.0295122845915
61,50,937.678036670362
61,51,890.7941348368438
61,52,846.2544280950016
61,53,803.9417066902515
61,54,763.7446213557389
61,55,725.557390287952
61,56,689.2795207735544
61,57,654.8155447348767
61,58,622.0747674981328
61,59,590.9710291232261
61,60,561.4224776670648
61,61,533.3513537837116
61,62,506.683786094526
61,63,481.3495967897997
61,64,457.28211695030967
61,65,434.4180111027942
61,66,412.69711054765446
61,67,392.0622550202717
61,68,372.4591422692581
61,69,353.8361851557952
61,70,336.1443758980054
61,71,319.33715710310514
61,72,303.37029924794984
61,73,288.2017842855524
61,74,273.7916950712748
61,75,260.10211031771104
61,76,247.09700480182548
61,77,234.7421545617342
61,78,223.00504683364747
61,79,211.8547944919651
61,80,201.26205476736683
61,81,191.1989520289985
61,82,181.63900442754857
61,83,172.55705420617113
61,84,163.92920149586257
61,85,155.73274142106945
61,86,147.94610435001596
61,87,140.54879913251517
61,88,133.52135917588942
61,89,126.84529121709494
61,90,120.50302665624018
61,91,114.47787532342818
61,92,108.75398155725676
61,93,103.31628247939393
61,94,98.15046835542424
61,95,93.24294493765302
61,96,88.58079769077037
61,97,84.15175780623184
61,98,79.94416991592024
61,99,75.94696142012424
61,100,72.14961334911803
61,101,68.54213268166212
61,102,65.11502604757902
61,103,61.85927474520007
61,104,58.76631100794006
61,105,55.82799545754306
61,106,53.036595684665905
61,107,50.38476590043261
61,108,47.86552760541098
61,109,45.47225122514043
61,110,43.19863866388341
61,111,41.03870673068924
61,112,38.98677139415478
61,113,37.03743282444704
61,114,35.185561183224685
61,115,33.42628312406345
61,116,31.75496896786028
61,117,30.167220519467264
61,118,28.6588594934939
61,119,27.225916518819204
61,120,25.864620692878244
61,121,24.57138965823433
61,122,23.342820175322615
61,123,22.17567916655648
61,124,21.066895208228654
61,125,20.013550447817224
61,126,19.01287292542636
61,127,18.062229279155044
61,128,17.15911781519729
61,129,16.301161924437427
61,130,15.486103828215555
61,131,14.711798636804778
61,132,13.976208704964538
61,133,13.277398269716311
61,134,12.613528356230495
61,135,11.982851938418971
61,136,11.383709341498022
61,137,10.814523874423122
61,138,10.273797680701966
61,139,9.760107796666867
61,140,9.272102406833524
61,141,8.808497286491848
61,142,8.368072422167256
61,143,7.949668801058893
61,144,7.552185361005948
61,145,7.17457609295565
61,146,6.815847288307867
61,147,6.475054923892475
61,148,6.1513021776978505
61,149,5.843737068812958
61,150,5.55155021537231
61,151,5.273972704603694
61,152,5.0102740693735095
61,153,4.7597603659048335
61,154,4.521772347609591
61,155,4.295683730229111
62,1,8399.5923379168
62,2,8392.0010746807
62,3,8161.274886922826
62,4,7849.782350250295
62,5,7506.670091221297
62,6,7156.582974402854
62,7,6811.662303735515
62,8,6477.679293377137
62,9,6157.16996230704
62,10,5851.036914350733
62,11,5558.4850686331965
62,12,5280.560815201537
62,13,5016.53277444146
62,14,4765.706135719387
62,15,4527.420828933417
62,16,4301.049787486746
62,17,4085.997298112409
62,18,3881.6974332067884
62,19,3687.6125615464493
62,20,3503.2319334691265
62,21,3331.503266192755
62,22,3166.5003845469814
62,23,3008.8954703216828
62,24,2858.8100292016215
62,25,2716.048834607156
62,26,2580.3285154212504
62,27,2451.3497017755467
62,28,2328.7994430401836
62,29,2212.367360558038
62,30,2101.752929475398
62,31,1996.665283001628
62,32,1896.8320188515465
62,33,1801.9904179089692
62,34,1711.8908970135208
62,35,1626.2963521628446
62,36,1544.9815345547024
62,37,1467.7324578269672
62,38,1394.3458349356188
62,39,1324.628543188838
62,40,1258.397116029396
62,41,1198.9125767894411
62,42,1140.5403229351427
62,43,1084.317773418305
62,44,1030.4703304638929
62,45,979.1155620788566
62,46,930.2370706221902
62,47,883.7606143755334
62,48,839.5887956130359
62,49,797.6169803154224
62,50,757.7399359166874
62,51,723.2173654560323
62,52,688.7353459244852
62,53,655.1569739896644
62,54,622.8380228384667
62,55,591.9205300129818
62,56,562.4364832622354
62,57,534.3705369943251
62,58,507.67989321431435
62,59,482.3086689995238
62,60,458.1990844137813
62,61,438.6537151928975
62,62,418.39995734815545
62,63,398.3383953236375
62,64,378.86039380392515
62,65,360.1417930131488
62,66,342.2494487457647
62,67,325.1956456229442
62,68,308.9658609622843
62,69,293.5329056975253
62,70,278.86347377216094
62,71,268.2896852106669
62,72,256.5565241285634
62,73,244.58835846326647
62,74,232.79848497478352
62,75,221.3832997954964
62,76,210.42904389193242
62,77,199.9663447131154
62,78,189.99806789442775
62,79,180.51315466777345
62,80,171.49497702825025
62,81,166.2916110250889
62,82,159.65935051511178
62,83,152.5365532264613
62,84,145.3495306073701
62,85,138.3069263950947
62,86,131.50655729158098
62,87,124.99001727766597
62,88,118.7705746418272
62,89,112.84618229438516
62,90,107.21034764383529
62,91,105.22348030727171
62,92,101.6457576646766
62,93,97.42421846833929
62,94,92.99310834853252
62,95,88.55043233904377
62,96,84.22025313764476
62,97,80.05781434612355
62,98,76.07776791769666
62,99,72.28555980671581
62,100,68.67725394605142
62,101,65.24339124874885
62,102,61.98122168631141
62,103,58.882160601995835
62,104,55.938052571896044
62,105,53.14114994330124
62,106,50.484092446136174
62,107,47.95988782382936
62,108,45.561893432637895
62,109,43.283798761006
62,110,41.1196088229557
62,111,42.51130345113795
62,112,42.10612813817674
62,113,40.880457066479174
62,114,39.28619176004874
62,115,37.55184320577296
62,116,35.79183012202875
62,117,34.06235679776449
62,118,32.38923793061301
62,119,30.783515563595788
62,120,29.2511958106432
62,121,27.788636020111042
62,122,26.39920421910549
62,123,25.079244008150216
62,124,23.825281807742705
62,125,22.63401771735557
62,126,21.50231683148779
62,127,20.4272009899134
62,128,19.40584094041773
62,129,18.43554889339684
62,130,17.513771448727
62,131,16.63808287629065
62,132,15.806178732476116
62,133,15.01586979585231
62,134,14.265076306059694
62,135,13.55182249075671
62,136,12.874231366218874
62,137,12.23051979790793
62,138,11.618993808012533
62,139,11.038044117611905
62,140,10.486141911731309
62,141,9.961834816144744
62,142,9.463743075337506
62,143,8.990555921570632
62,144,8.5410281254921
62,145,8.113976719217495
62,146,7.7082778832566206
62,147,7.322863989093789
62,148,6.956720789639099
62,149,6.608884750157144
62,150,6.278440512649286
62,151,5.964518487016822
62,152,5.666292562665981
62,153,5.382977934532682
62,154,5.113829037806047
62,155,4.8581375859157445
63,1,2748.78914965431
63,2,3105.1139339923734
63,3,3038.7358008204947
63,4,2902.796972214463
63,5,2760.5367566620384
63,6,2623.02825277943
63,7,2491.9701402515475
63,8,2367.3884272589657
63,9,2249.022028819617
63,10,2136.571471504884
63,11,2062.6693804119673
63,12,1965.4626782381877
63,13,1868.256362358706
63,14,1775.0355714866075
63,15,1686.3183578165279
63,16,1602.0086616084664
63,17,1521.9093484309408
63,18,1445.8140825919154
63,19,1373.5234147471733
63,20,1304.8472505410884
63,21,1288.5255188251124
63,22,1291.9864022603904
63,23,1321.5940932141866
63,24,1386.2454578108975
63,25,1498.348689728875
63,26,1624.6210500750822
63,27,1766.509480040738
63,28,1925.6235120972767
63,29,2103.7527487113734
63,30,2302.8862584266317
63,31,2520.2976603583234
63,32,2454.142806013951
63,33,2342.2104708744914
63,34,2227.0394122597895
63,35,2116.036545334024
63,36,2010.2975567310232
63,37,1909.793989853938
63,38,1814.306326333945
63,39,1723.5913764923343
63,40,1637.4118736332332
63,41,1602.826512662839
63,42,1531.1965289177251
63,43,1456.1687440116839
63,44,1383.6360742882719
63,45,1314.5039087197492
63,46,1248.7876481500223
63,47,1186.349874018448
63,48,1127.0326698071924
63,49,1070.6810884249728
63,50,1017.1470433831893
63,51,1015.2426646246288
63,52,973.2920665535497
63,53,926.2135395546998
63,54,880.6303957889978
63,55,836.9325954839076
63,56,795.2390428371879
63,57,755.5473071737017
63,58,717.8021501136463
63,59,681.9178401017174
63,60,647.822991645507
63,61,664.4167465813468
63,62,646.0542008015713
63,63,634.3703419444449
63,64,631.2646046338056
63,65,639.4073289119563
63,66,662.5369155396648
63,67,705.872274642509
63,68,776.6852626221199
63,69,885.0951306863903
63,70,1045.1710550118949
63,71,1303.4711383687836
63,72,1669.2598007766992
63,73,2183.843082497047
63,74,2904.559739692412
63,75,3910.996210176858
63,76,5313.611167297839
63,77,7265.703856972852
63,78,8261.842026751632
63,79,8340.261367070145
63,80,8468.334487513244
63,81,8428.061896828869
63,82,8279.639450843488
63,83,8244.47272471887
63,84,8252.355196759996
63,85,8305.635111001267
63,86,8407.033876005116
63,87,8559.680879499148
63,88,8767.152390823556
63,89,8443.176771236265
63,90,8083.9328311048685
63,91,7688.243603553445
63,92,7315.6371617888735
63,93,6966.238126895291
63,94,6640.660664299423
63,95,6340.176218674796
63,96,6066.947382740175
63,97,5824.353484909445
63,98,5617.443402795696
63,99,5430.068352329992
63,100,5288.310887685214
63,101,5189.103241307924
63,102,5158.9070793067995
63,103,5219.1044397306505
63,104,5399.635862501998
63,105,5742.305086307409
63,106,6305.365648186508
63,107,7169.886345910247
63,108,8119.778007582303
63,109,7949.2985834173505
63,110,7787.58365052581
63,111,7586.488046468601
63,112,7468.444765986716
63,113,7384.783291809655
63,114,7336.888814630774
63,115,7326.415632238701
63,116,7355.310576125234
63,117,7425.839286896773
63,118,7540.615634243716
63,119,7702.634610197716
63,120,8065.542228401196
63,121,8589.495679668482
63,122,8544.362960886385
63,123,8543.380163150337
63,124,8588.906158484693
63,125,8815.41970690613
63,126,8912.453369388024
63,127,9137.570173625434
63,128,8929.907302673188
63,129,8759.792079781017
63,130,8628.308053537776
63,131,8529.02740733738
63,132,8544.727928101369
63,133,8607.83797896042
63,134,8721.240290028309
63,135,8888.246054434538
63,136,8899.493955134192
63,137,8723.687588425311
63,138,8586.01088813609
63,139,8487.755359886722
63,140,8430.496514810982
63,141,8463.729141115036
63,142,8640.982333004044
63,143,8874.820787033577
63,144,8792.107468791102
63,145,8840.046386676466
63,146,8938.730686421977
63,147,8903.678037934367
63,148,8915.273365426987
63,149,8908.636998427673
63,150,8542.248062735256
63,151,8115.135659598493
63,152,7709.378876618568
63,153,7323.909932787639
63,154,6957.714436148257
63,155,6609.828714340843
64,1,66929.37458634
64,2,66255.61564898213
64,3,65698.39866204289
64,4,65529.74582528285
64,5,64739.728050190075
64,6,63486.6956746337
64,7,61895.357809007925
64,8,60063.66315951423
64,9,58068.28614049787
64,10,55868.3205184666
64,11,54303.51023082643
64,12,52568.63923786124
64,13,50722.39225134008
64,14,48810.37803062232
64,15,46867.832821247706
64,16,45087.59962864511
64,17,43470.09553657604
64,18,42016.83370302805
64,19,40730.51476243293
64,20,39615.132796129976
64,21,38617.08250150715
64,22,37797.570982200006
64,23,37164.50978595328
64,24,36727.6190410087
64,25,36498.625551347155
64,26,36491.4887549954
64,27,36722.65809605236
64,28,37005.997027199475
64,29,37552.60787511505
64,30,38385.64379117002
64,31,39121.19770251165
64,32,40167.49196389402
64,33,41554.479669985165
64,34,43316.57091640277
64,35,45493.18941409561
64,36,48129.40330489965
64,37,51276.63982418501
64,38,54993.49472251111
64,39,59346.64878976109
64,40,64411.90544401043
64,41,68902.26116849337
64,42,74177.46259221803
64,43,80330.3931104698
64,44,87466.58720031421
64,45,95705.86181493505
64,46,105184.16255910479
64,47,116055.65269905659
64,48,128495.07673527984
64,49,142700.4344229489
64,50,156835.05768349193
64,51,162436.57164024725
64,52,165041.12567061288
64,53,167259.24993808847
64,54,170737.01462631702
64,55,175590.842268668
64,56,181954.81832801443
64,57,189982.88211321045
64,58,199851.31054458566
64,59,211761.53279949012
64,60,225943.31886233063
64,61,238718.49385581957
64,62,252886.4384167155
64,63,266479.0748848708
64,64,278619.8658748024
64,65,289024.4773112606
64,66,295676.49496419
64,67,296881.30056838226
64,68,294350.2225066809
64,69,289338.2197553992
64,70,282615.33389928564
64,71,270783.8895271729
64,72,258849.62203216463
64,73,247187.71216897588
64,74,236276.52457405566
64,75,226100.46547885236
64,76,216647.5930561843
64,77,207909.81080108145
64,78,198976.34924462644
64,79,190048.02801294727
64,80,181597.75822599916
64,81,173072.08964594
64,82,164805.33025684906
64,83,156835.08161906447
64,84,149271.71596729587
64,85,142095.14863942043
64,86,135286.30725052394
64,87,128827.08132840757
64,88,122598.67969139325
64,89,116617.38650254902
64,90,110890.26845283792
64,91,105505.16268461109
64,92,100341.17109316224
64,93,95401.77658536576
64,94,90685.89726080689
64,95,86189.44063205371
64,96,81910.15972758875
64,97,77835.72514795145
64,98,73960.75336179344
64,99,70274.45219462898
64,100,66772.82991735141
64,101,63574.03758236169
64,102,60553.49111928036
64,103,57652.008769772074
64,104,54870.097092814496
64,105,52206.93180099938
64,106,49660.68814812796
64,107,47243.743868952646
64,108,44956.29800152154
64,109,42785.54140856852
64,110,40700.05103651198
64,111,38824.3035011023
64,112,37047.280247972
64,113,35380.60088007817
64,114,33803.01170455868
64,115,32310.236654738186
64,116,30898.218999006345
64,117,29495.346984605567
64,118,28119.722812388867
64,119,26782.938609324898
64,120,25492.094631272375
64,121,24360.896737578423
64,122,23242.94987353253
64,123,22150.67076489335
64,124,21091.905359404824
64,125,20071.35024809837
64,126,19091.542765044775
64,127,18153.55012727976
64,128,17257.448602255856
64,129,16402.656207118438
64,130,15588.163261175328
64,131,14944.733679929855
64,132,14292.41004603904
64,133,13685.1267121016
64,134,13111.53499708033
64,135,12533.202152393817
64,136,11960.45829058104
64,137,11400.068915625214
64,138,10856.333680466065
64,139,10331.852207456996
64,140,9828.05757437208
64,141,9471.866973555663
64,142,9106.159501416034
64,143,8736.933667235025
64,144,8368.77192408924
64,145,8028.009126775014
64,146,7680.826378061648
64,147,7334.629019081084
64,148,6998.093263749207
64,149,6669.265196106026
64,150,6350.513399990633
64,151,6170.645876187872
64,152,5958.198968423824
64,153,5727.3566194622845
64,154,5487.801972912006
64,155,5246.087476993546
65,1,7291.84553762284
65,2,7533.692107535422
65,3,7239.483185322597
65,4,6888.725718966764
65,5,6545.814903254226
65,6,6218.731622043583
65,7,5907.823256038886
65,8,5612.435930490199
65,9,5331.814655832132
65,10,5065.223994014362
65,11,16877.13080615364
65,12,19980.781456863944
65,13,19518.603361999194
65,14,18776.744580297836
65,15,17939.962475752734
65,16,17065.909958990065
65,17,16245.564352728417
65,18,15480.602179555757
65,19,14774.51791042793
65,20,14133.362240931077
65,21,13429.528349152937
65,22,12762.121872000735
65,23,12129.860212679316
65,24,11531.759809669444
65,25,10967.223603734175
65,26,10436.168786158683
65,27,9939.212283560455
65,28,9477.939050497573
65,29,9055.289177254037
65,30,8676.115524239342
65,31,8339.112894117354
65,32,8061.166567196696
65,33,7718.716301391214
65,34,7419.813664149703
65,35,7173.8026243032955
65,36,6869.603617593561
65,37,6604.3726915036805
65,38,6308.270732016848
65,39,6041.848740842879
65,40,5810.108163033725
65,41,5579.688844464308
65,42,5326.901937298962
65,43,5071.978965719244
65,44,4834.782189342874
65,45,4616.596598737903
65,46,4419.589621887089
65,47,4247.179757824348
65,48,4104.566739990526
65,49,3999.4936159934214
65,50,3943.3418210652267
65,51,3894.124097010111
65,52,3719.539006071353
65,53,3536.298527259784
65,54,3359.8557610197063
65,55,3192.3973949052215
65,56,3033.3846284798256
65,57,2882.5871974231613
65,58,2739.709742879484
65,59,2604.5219917857726
65,60,2476.877441164661
65,61,2355.9176028677894
65,62,2242.263195205714
65,63,2136.0971899285964
65,64,2037.8324442699952
65,65,1948.2044255276178
65,66,1868.4047388357683
65,67,1800.2732295573671
65,68,1746.5741810041227
65,69,1711.3932561136771
65,70,1700.7078113614086
65,71,1715.3468205767053
65,72,1772.7119176367855
65,73,1889.614502850629
65,74,2090.2866057614974
65,75,2409.6117365581053
65,76,2897.764615847804
65,77,3444.284002565012
65,78,4264.931141180545
65,79,5179.575064934455
65,80,6540.247042135112
65,81,7874.082835681624
65,82,9367.102187359655
65,83,11608.082014603266
65,84,11396.147465252277
65,85,10876.451950977233
65,86,10404.589982934518
65,87,9987.695947758619
65,88,9636.700876632796
65,89,9367.953479713546
65,90,9141.623372620343
65,91,8894.493091561215
65,92,8688.272645264822
65,93,8524.799793609558
65,94,8419.097534183356
65,95,8458.43483811933
65,96,8558.405013426245
65,97,8881.35755587263
65,98,9515.543008996012
65,99,10264.66164246794
65,100,11142.910170879626
65,101,11994.062197626323
65,102,12008.376813131741
65,103,12289.687426130507
65,104,12676.847714176463
65,105,13180.873661492058
65,106,13814.448404733193
65,107,14979.926044685935
65,108,16339.573010826798
65,109,17918.013113159643
65,110,19743.30816076673
65,111,21476.834394243146
65,112,24309.905871746167
65,113,28704.737929359853
65,114,31162.871910889182
65,115,32044.41359061135
65,116,33213.67538378367
65,117,34176.01487572724
65,118,33892.084560516276
65,119,33816.13313935212
65,120,33964.11607097935
65,121,34234.74837515247
65,122,33096.20467391987
65,123,32264.500618589816
65,124,31586.324206284033
65,125,31069.22322672636
65,126,31041.10313675642
65,127,30480.661458014725
65,128,30083.101296231187
65,129,29858.619458448768
65,130,30203.29923954017
65,131,30292.08937313075
65,132,30593.897893038997
65,133,29856.159061401293
65,134,29194.346950146606
65,135,28927.939631486162
65,136,29195.13585133598
65,137,29407.31662883243
65,138,29836.271876982653
65,139,29916.201323019504
65,140,29423.81028882289
65,141,29057.061241155385
65,142,28858.853685352467
65,143,29217.581948066814
65,144,28595.26001141633
65,145,28118.09794546076
65,146,28080.127990295212
65,147,28640.476167646808
65,148,30029.265531644556
65,149,32235.684531650528
65,150,32858.4968330295
65,151,33606.19244649409
65,152,32810.319130495394
65,153,31555.417403528765
65,154,30030.090068572234
65,155,28535.71788593353
66,1,11125.3652626499
66,2,10931.6406181697
66,3,10657.32884486909
66,4,10352.869921732878
66,5,10026.8374934253
66,6,9686.238143513896
66,7,9336.773140359248
66,8,8983.05755112454
66,9,8628.803615131688
66,10,8276.974156452618
66,11,7891.380717005167
66,12,7520.515025794855
66,13,7164.374010323565
66,14,6822.836614685486
66,15,6495.6887306134495
66,16,6182.643815937728
66,17,5882.32800605391
66,18,5594.832707816929
66,19,5320.063520077434
66,20,5057.794652259727
66,21,4811.698614551846
66,22,4576.215748697988
66,23,4351.236611983262
66,24,4136.889153173253
66,25,3932.741232008512
66,26,3738.366294872837
66,27,3553.3456763426743
66,28,3377.2703698790283
66,29,3209.602426377546
66,30,3050.0201818780133
66,31,2904.524362253508
66,32,2765.1747975867083
66,33,2631.8459822831182
66,34,2503.956056525347
66,35,2381.538736089725
66,36,2264.5499415606128
66,37,2152.8906393313882
66,38,2046.561666023482
66,39,1945.2215672749642
66,40,1848.7024653102608
66,41,1763.147062234338
66,42,1680.1563789849986
66,43,1600.0287291023944
66,44,1522.9412996163255
66,45,1448.9826538692664
66,46,1378.1770240203548
66,47,1310.502443455595
66,48,1245.9042585306452
66,49,1184.3866532613176
66,50,1125.7513039488124
66,51,1076.3650480355902
66,52,1027.7296789062761
66,53,980.235540298584
66,54,934.1469146322086
66,55,889.6348555633622
66,56,846.8017730689297
66,57,805.6998282885687
66,58,766.3446829228275
66,59,728.7257631592503
66,60,692.8139091025935
66,61,665.0639018336102
66,62,636.9856135696928
66,63,609.0226879188584
66,64,581.4902061486807
66,65,554.6076039631964
66,66,528.5233467646208
66,67,503.33341779907755
66,68,479.09516192701216
66,69,455.83764350909587
66,70,433.5693883321452
66,71,418.84698046505457
66,72,403.12863366546776
66,73,386.8954276521675
66,74,370.4969987477089
66,75,354.18485201141397
66,76,338.13734951486225
66,77,323.11140566285815
66,78,308.9195196428988
66,79,294.94827054240477
66,80,281.30837690340434
66,81,274.5196928231312
66,82,266.2585359904123
66,83,257.0496948750284
66,84,247.27937848006366
66,85,237.23011798599927
66,86,227.10695811758333
66,87,217.05710808089808
66,88,207.1846815766178
66,89,197.56174960151014
66,90,188.23662500133076
66,91,185.79743582874707
66,92,181.74401823749935
66,93,176.58939442996675
66,94,170.71329011382954
66,95,164.3956030275643
66,96,157.84152391817517
66,97,151.20038920480022
66,98,144.57982679794307
66,99,138.0563677051365
66,100,131.68340403744466
66,101,132.03517500599492
66,102,130.64230807468243
66,103,128.02207042700775
66,104,124.55878710045799
66,105,120.53715071173038
66,106,116.1672267038316
66,107,111.60322244793353
66,108,106.95757349208628
66,109,102.31151345456057
66,110,97.72300357827858
66,111,99.78224984750725
66,112,100.00913008771752
66,113,98.92588412550346
66,114,96.92141503639931
66,115,94.2846549475748
66,116,91.42381291538292
66,117,88.40743174058406
66,118,85.15472206625353
66,119,81.87653754150377
66,120,78.60445648368501
66,121,81.78209905453181
66,122,85.73838694244085
66,123,90.55804775163432
66,124,92.86918706144553
66,125,93.36184802311536
66,126,92.5509819783309
66,127,90.82020987304921
66,128,88.70930559935702
66,129,86.31245642731385
66,130,84.3043431785081
66,131,87.75180874772596
66,132,89.11889303917525
66,133,88.98470910857202
66,134,88.16099872228857
66,135,87.53799695836169
66,136,87.1126874022074
66,137,86.88251329669843
66,138,85.63660829057916
66,139,83.68154159074565
66,140,81.24486406094465
66,141,84.63163284612372
66,142,85.99425920697547
66,143,85.89579645699833
66,144,84.75614554213749
66,145,82.88784758493043
66,146,80.73123657414784
66,147,78.36222453544485
66,148,75.8430208275073
66,149,73.1014493327768
66,150,70.23536210566824
66,151,66.76966939230645
66,152,63.465788542024264
66,153,60.31848568204224
66,154,57.322077309846634
66,155,54.47062989419609
67,1,7090.63940067078
67,2,6902.491611328553
67,3,6688.976917688953
67,4,6458.631492363626
67,5,6218.045723407709
67,6,5972.278969516175
67,7,5725.187227072937
67,8,5479.681930691054
67,9,5237.934299549166
67,10,5001.536628697306
67,11,4756.804889221577
67,12,4523.192612500174
67,13,4300.696938718369
67,14,4088.5602816454243
67,15,3886.6438388984066
67,16,3694.488174672617
67,17,3511.6499448603845
67,18,3337.559415144191
67,19,3171.9743834457295
67,20,3014.4961252617536
67,21,2866.6704376767048
67,22,2725.849292039258
67,23,2591.5441170481886
67,24,2463.5388572779957
67,25,2341.6053237651295
67,26,2225.5085943735403
67,27,2115.2589935337874
67,28,2010.3074745003269
67,29,1910.4339424141046
67,30,1815.4199420296854
67,31,1727.291209977708
67,32,1643.0166811329823
67,33,1562.5190621147738
67,34,1485.7008021044414
67,35,1412.5490088356985
67,36,1342.8179566415686
67,37,1276.453877530908
67,38,1213.3043747583433
67,39,1153.171650183675
67,40,1095.934270557621
67,41,1043.7629153382507
67,42,993.6514279933622
67,43,945.6114934055151
67,44,899.6302444533899
67,45,855.6764988737774
67,46,813.7056373447466
67,47,773.6634095385039
67,48,735.4888948238253
67,49,699.1167967905712
67,50,664.5096306081409
67,51,633.8488732997623
67,52,604.1851264943988
67,53,575.5805693856419
67,54,548.0708579961864
67,55,521.6713449065202
67,56,496.3819652410172
67,57,472.1910693546064
67,58,449.07842396600734
67,59,427.0175570582998
67,60,405.97758514924374
67,61,388.23294394331214
67,62,370.8416990449072
67,63,353.89775231098156
67,64,337.46699202612336
67,65,321.59356714339367
67,66,306.30482923861797
67,67,291.61522167453074
67,68,277.52933700399853
67,69,264.04431739663534
67,70,251.15173629588742
67,71,241.15697557597807
67,72,231.1263222382332
67,73,221.17351772019532
67,74,211.3832195049397
67,75,202.1369764402893
67,76,193.40993099902704
67,77,184.8308589232507
67,78,176.45263273616058
67,79,168.31288465577884
67,80,160.60948797234252
67,81,152.88254707680505
67,82,145.47851472389925
67,83,138.3945041334434
67,84,131.6250018070509
67,85,125.16257801499955
67,86,118.99844071620583
67,87,113.14655192123591
67,88,107.56676861867885
67,89,102.24976772390715
67,90,97.18579732881612
67,91,94.87260622628072
67,92,92.78455692572001
67,93,90.91510007364973
67,94,89.25821621693423
67,95,87.80839801237408
67,96,85.80133436332805
67,97,83.39650244015564
67,98,80.7178980409881
67,99,77.86155873070534
67,100,74.90150926725748
67,101,73.9771171382221
67,102,72.50942179876404
67,103,70.64879867813121
67,104,68.5123534879452
67,105,66.19096765583089
67,106,63.75486666028515
67,107,61.25802021058234
67,108,58.74161863475257
67,109,56.236818755862124
67,110,53.76691213087114
67,111,53.6620322070168
67,112,53.02245195167313
67,113,51.98775474590014
67,114,50.66695949352737
67,115,49.1449781744245
67,116,47.742584687466426
67,117,46.455669657992075
67,118,45.2804095908021
67,119,44.21325603384713
67,120,42.94931496791962
67,121,41.27763273845419
67,122,39.709993311776046
67,123,38.279590182566814
67,124,36.94457636088237
67,125,35.701208754842234
67,126,34.545975561220274
67,127,33.316870133258305
67,128,32.04509756652373
67,129,30.754552801680862
67,130,29.463387861362126
67,131,30.596262158639902
67,132,31.1278296097715
67,133,31.201990151502216
67,134,30.93165729350257
67,135,30.40527984864164
67,136,29.691998343282584
67,137,28.845721573393224
67,138,27.908349104217898
67,139,26.91231831411703
67,140,25.882617250513206
67,141,27.138696857317655
67,142,27.798978495691888
67,143,28.004647807568226
67,144,27.86654944238861
67,145,27.47156998420143
67,146,26.887684764011766
67,147,26.16794790951632
67,148,25.35364659455127
67,149,24.47679426450773
67,150,23.562101081032402
67,151,24.936168690237388
67,152,25.708128832361496
67,153,26.01956833486248
67,154,25.98169505991753
67,155,25.68172647408401
